33.9138	1762.69
34.0434	1764.55
34.1734	1766.41
34.304	1768.27
34.435	1770.13
34.5665	1772
34.6985	1773.86
34.831	1775.73
34.964	1777.6
35.0975	1779.47
35.2315	1781.35
35.366	1783.22
35.501	1785.1
35.6365	1786.98
35.7725	1788.86
35.9091	1790.74
36.0461	1792.63
36.1837	1794.51
36.3217	1796.4
36.4603	1798.29
36.5994	1800.18
36.739	1802.07
36.8792	1803.97
37.0198	1805.87
37.161	1807.76
37.3027	1809.66
37.445	1811.57
37.5878	1813.47
37.7311	1815.38
37.8749	1817.28
38.0193	1819.19
38.1643	1821.1
38.3097	1823.02
38.4557	1824.93
38.6023	1826.85
38.7494	1828.77
38.8971	1830.68
39.0453	1832.61
39.194	1834.53
39.3433	1836.45
39.4932	1838.38
39.6436	1840.31
39.7946	1842.24
39.9462	1844.17
40.0983	1846.11
40.251	1848.04
40.4043	1849.98
40.5581	1851.92
40.7125	1853.86
40.8675	1855.81
41.023	1857.75
41.1792	1859.7
41.3359	1861.65
41.4932	1863.6
41.6511	1865.55
41.8096	1867.5
41.9686	1869.46
42.1283	1871.42
42.2885	1873.37
42.4494	1875.34
42.6108	1877.3
42.7729	1879.26
42.9355	1881.23
43.0988	1883.2
43.2627	1885.17
43.4272	1887.14
43.5923	1889.12
43.7579	1891.09
43.9243	1893.07
44.0912	1895.05
44.2588	1897.03
44.427	1899.01
44.5958	1901
44.7652	1902.98
44.9353	1904.97
45.106	1906.96
45.2773	1908.95
45.4493	1910.95
45.6219	1912.94
45.7951	1914.94
45.969	1916.94
46.1435	1918.94
46.3187	1920.95
46.4946	1922.95
46.6711	1924.96
46.8482	1926.97
47.026	1928.98
47.2045	1930.99
47.3836	1933
47.5634	1935.02
47.7438	1937.04
47.925	1939.06
48.1067	1941.08
48.2892	1943.1
48.4724	1945.13
48.6562	1947.16
48.8407	1949.19
49.0259	1951.22
49.2117	1953.25
49.3983	1955.28
49.5856	1957.32
49.7735	1959.36
49.9622	1961.4
50.1515	1963.44
50.3415	1965.48
50.5323	1967.53
50.7238	1969.58
50.9159	1971.63
51.1088	1973.68
51.3024	1975.73
51.4967	1977.79
51.6917	1979.84
51.8874	1981.9
52.0839	1983.96
52.2811	1986.03
52.479	1988.09
52.6777	1990.16
52.8771	1992.23
53.0772	1994.3
53.278	1996.37
53.4796	1998.44
53.682	2000.52
53.8851	2002.6
54.0889	2004.68
54.2935	2006.76
54.4989	2008.84
54.705	2010.93
54.9119	2013.01
55.1195	2015.1
55.3279	2017.19
55.5371	2019.29
55.747	2021.38
55.9577	2023.48
56.1692	2025.58
56.3815	2027.68
56.5946	2029.78
56.8084	2031.88
57.023	2033.99
57.2384	2036.1
57.4547	2038.21
57.6717	2040.32
57.8895	2042.43
58.1081	2044.55
58.3275	2046.67
58.5477	2048.79
58.7687	2050.91
58.9906	2053.03
59.2133	2055.16
59.4367	2057.28
59.661	2059.41
59.8862	2061.54
60.1121	2063.68
60.3389	2065.81
60.5665	2067.95
60.795	2070.09
61.0243	2072.23
61.2544	2074.37
61.4854	2076.51
61.7172	2078.66
61.9499	2080.81
62.1834	2082.96
62.4178	2085.11
62.6531	2087.27
62.8892	2089.42
63.1262	2091.58
63.364	2093.74
63.6028	2095.9
63.8424	2098.07
64.0829	2100.23
64.3242	2102.4
64.5665	2104.57
64.8096	2106.74
65.0536	2108.91
65.2985	2111.09
65.5444	2113.27
65.7911	2115.45
66.0387	2117.63
66.2872	2119.81
66.5367	2122
66.787	2124.18
67.0383	2126.37
67.2905	2128.56
67.5436	2130.76
67.7976	2132.95
68.0526	2135.15
68.3085	2137.35
68.5653	2139.55
68.8231	2141.75
69.0818	2143.95
69.3415	2146.16
69.6021	2148.37
69.8636	2150.58
70.1261	2152.79
70.3896	2155.01
70.6541	2157.22
70.9195	2159.44
71.1858	2161.66
71.4532	2163.88
71.7215	2166.11
71.9908	2168.34
72.2611	2170.56
72.5323	2172.79
72.8046	2175.03
73.0778	2177.26
73.3521	2179.5
73.6273	2181.74
73.9036	2183.98
74.1808	2186.22
74.4591	2188.46
74.7384	2190.71
75.0186	2192.96
75.2999	2195.21
75.5823	2197.46
75.8657	2199.71
76.15	2201.97
76.4355	2204.23
76.7219	2206.49
77.0095	2208.75
77.298	2211.01
77.5876	2213.28
77.8783	2215.55
78.17	2217.82
78.4628	2220.09
78.7566	2222.36
79.0515	2224.64
79.3475	2226.92
79.6445	2229.2
79.9426	2231.48
80.2419	2233.76
80.5421	2236.05
80.8435	2238.34
81.146	2240.63
81.4496	2242.92
81.7543	2245.21
82.0601	2247.51
82.3669	2249.81
82.6749	2252.11
82.9841	2254.41
83.2943	2256.71
83.6057	2259.02
83.9182	2261.33
84.2318	2263.64
84.5465	2265.95
84.8624	2268.27
85.1795	2270.58
85.4977	2272.9
85.817	2275.22
86.1375	2277.54
86.4592	2279.87
86.782	2282.19
87.1059	2284.52
87.4311	2286.85
87.7574	2289.18
88.0849	2291.52
88.4136	2293.86
88.7435	2296.19
89.0745	2298.53
89.4068	2300.88
89.7403	2303.22
90.0749	2305.57
90.4108	2307.92
90.7479	2310.27
91.0862	2312.62
91.4257	2314.98
91.7665	2317.33
92.1084	2319.69
92.4516	2322.05
92.7961	2324.42
93.1417	2326.78
93.4887	2329.15
93.8368	2331.52
94.1863	2333.89
94.5369	2336.26
94.8889	2338.64
95.2421	2341.01
95.5966	2343.39
95.9524	2345.78
96.3094	2348.16
96.6677	2350.54
97.0273	2352.93
97.3882	2355.32
97.7504	2357.71
98.1139	2360.11
98.4787	2362.5
98.8448	2364.9
99.2122	2367.3
99.581	2369.7
99.9511	2372.11
100.322	2374.51
100.695	2376.92
101.069	2379.33
101.445	2381.75
101.821	2384.16
102.2	2386.58
102.579	2389
102.96	2391.42
103.342	2393.84
103.726	2396.26
104.11	2398.69
104.497	2401.12
104.884	2403.55
105.273	2405.98
105.664	2408.42
106.056	2410.86
106.449	2413.3
106.844	2415.74
107.24	2418.18
107.637	2420.63
108.036	2423.08
108.437	2425.53
108.838	2427.98
109.241	2430.43
109.646	2432.89
110.052	2435.35
110.46	2437.81
110.869	2440.27
111.279	2442.73
111.691	2445.2
112.104	2447.67
112.519	2450.14
112.936	2452.61
113.353	2455.09
113.773	2457.57
114.193	2460.04
114.616	2462.53
115.039	2465.01
115.465	2467.5
115.892	2469.98
116.32	2472.47
116.75	2474.96
117.181	2477.46
117.614	2479.95
118.048	2482.45
118.484	2484.95
118.922	2487.46
119.361	2489.96
119.802	2492.47
120.244	2494.98
120.688	2497.49
121.133	2500
121.58	2502.51
122.028	2505.03
122.479	2507.55
122.93	2510.07
123.384	2512.6
123.838	2515.12
124.295	2517.65
124.753	2520.18
125.213	2522.71
125.674	2525.25
126.137	2527.78
126.602	2530.32
127.068	2532.86
127.536	2535.41
128.006	2537.95
128.477	2540.5
128.95	2543.05
129.424	2545.6
129.901	2548.15
130.379	2550.71
130.858	2553.26
131.34	2555.83
131.823	2558.39
132.307	2560.95
132.794	2563.52
133.282	2566.09
133.772	2568.66
134.263	2571.23
134.757	2573.8
135.252	2576.38
135.749	2578.96
136.247	2581.54
136.747	2584.13
137.249	2586.71
137.753	2589.3
138.259	2591.89
138.766	2594.48
139.275	2597.08
139.786	2599.67
140.299	2602.27
140.814	2604.87
141.33	2607.47
141.848	2610.08
142.368	2612.69
142.89	2615.3
143.414	2617.91
143.939	2620.52
144.466	2623.14
144.995	2625.75
145.526	2628.37
146.059	2631
146.594	2633.62
147.131	2636.25
147.669	2638.88
148.21	2641.51
148.752	2644.14
149.296	2646.78
149.842	2649.41
150.39	2652.05
150.94	2654.7
151.492	2657.34
152.045	2659.99
152.601	2662.63
153.159	2665.29
153.718	2667.94
154.28	2670.59
154.843	2673.25
155.408	2675.91
155.976	2678.57
156.545	2681.23
157.117	2683.9
157.69	2686.57
158.265	2689.24
158.842	2691.91
159.422	2694.59
160.003	2697.26
160.586	2699.94
161.172	2702.62
161.759	2705.31
162.349	2707.99
162.94	2710.68
163.534	2713.37
164.129	2716.06
164.727	2718.76
165.327	2721.45
165.929	2724.15
166.533	2726.85
167.139	2729.55
167.747	2732.26
168.357	2734.97
168.969	2737.68
169.584	2740.39
170.2	2743.1
170.819	2745.82
171.44	2748.54
172.063	2751.26
172.688	2753.98
173.316	2756.71
173.945	2759.43
174.577	2762.16
175.211	2764.9
175.847	2767.63
176.485	2770.37
177.125	2773.1
177.768	2775.85
178.413	2778.59
179.06	2781.33
179.709	2784.08
180.361	2786.83
181.014	2789.58
181.67	2792.34
182.329	2795.09
182.989	2797.85
183.652	2800.61
184.317	2803.37
184.985	2806.14
185.654	2808.91
186.326	2811.68
187.001	2814.45
187.677	2817.22
188.356	2820
189.037	2822.78
189.721	2825.56
190.407	2828.34
191.095	2831.12
191.786	2833.91
192.479	2836.7
193.174	2839.49
193.872	2842.29
194.572	2845.08
195.275	2847.88
195.979	2850.68
196.687	2853.48
197.397	2856.29
198.109	2859.1
198.823	2861.91
199.54	2864.72
200.26	2867.53
200.982	2870.35
201.706	2873.17
202.433	2875.99
203.163	2878.81
203.894	2881.64
204.629	2884.46
205.366	2887.29
206.105	2890.13
206.847	2892.96
207.591	2895.8
208.338	2898.63
209.088	2901.48
209.84	2904.32
210.594	2907.16
211.351	2910.01
212.111	2912.86
212.873	2915.71
213.638	2918.57
214.406	2921.43
215.176	2924.28
215.948	2927.15
216.724	2930.01
217.501	2932.88
218.282	2935.74
219.065	2938.61
219.851	2941.49
220.639	2944.36
221.431	2947.24
222.224	2950.12
223.021	2953
223.82	2955.88
224.622	2958.77
225.426	2961.66
226.234	2964.55
227.044	2967.44
227.857	2970.34
228.672	2973.23
229.49	2976.13
230.311	2979.03
231.135	2981.94
231.962	2984.84
232.791	2987.75
233.623	2990.66
234.458	2993.58
235.296	2996.49
236.136	2999.41
236.979	3002.33
237.826	3005.25
238.675	3008.18
239.526	3011.11
240.381	3014.03
241.239	3016.97
242.099	3019.9
242.962	3022.84
243.829	3025.77
244.698	3028.71
245.57	3031.66
246.445	3034.6
247.322	3037.55
248.203	3040.5
249.087	3043.45
249.974	3046.41
250.863	3049.36
251.756	3052.32
252.651	3055.28
253.55	3058.24
254.452	3061.21
255.356	3064.18
256.264	3067.15
257.174	3070.12
258.088	3073.1
259.004	3076.07
259.924	3079.05
260.847	3082.03
261.773	3085.02
262.702	3088
263.634	3090.99
264.569	3093.98
265.507	3096.98
266.448	3099.97
267.393	3102.97
268.34	3105.97
269.291	3108.97
270.245	3111.98
271.201	3114.98
272.162	3117.99
273.125	3121
274.091	3124.02
275.061	3127.03
276.034	3130.05
277.01	3133.07
277.989	3136.1
278.972	3139.12
279.958	3142.15
280.947	3145.18
281.939	3148.21
282.934	3151.24
283.933	3154.28
284.935	3157.32
285.941	3160.36
286.949	3163.41
287.961	3166.45
288.977	3169.5
289.995	3172.55
291.017	3175.6
292.043	3178.66
293.071	3181.72
294.104	3184.78
295.139	3187.84
296.178	3190.9
297.22	3193.97
298.266	3197.04
299.315	3200.11
300.367	3203.18
301.423	3206.26
302.483	3209.34
303.546	3212.42
304.612	3215.5
305.682	3218.59
306.755	3221.67
307.832	3224.76
308.912	3227.85
309.996	3230.95
311.083	3234.05
312.174	3237.15
313.268	3240.25
314.366	3243.35
315.468	3246.46
316.573	3249.56
317.682	3252.68
318.794	3255.79
319.91	3258.9
321.029	3262.02
322.153	3265.14
323.279	3268.26
324.41	3271.39
325.544	3274.52
326.682	3277.64
327.823	3280.78
328.968	3283.91
330.117	3287.05
331.27	3290.18
332.426	3293.33
333.586	3296.47
334.749	3299.61
335.917	3302.76
337.088	3305.91
338.263	3309.06
339.442	3312.22
340.624	3315.38
341.811	3318.54
343.001	3321.7
344.195	3324.86
345.393	3328.03
346.594	3331.2
347.8	3334.37
349.009	3337.54
350.222	3340.72
351.44	3343.9
352.661	3347.08
353.885	3350.26
355.114	3353.44
356.347	3356.63
357.584	3359.82
358.824	3363.01
360.069	3366.21
361.318	3369.4
362.57	3372.6
363.827	3375.8
365.087	3379.01
366.352	3382.21
367.62	3385.42
368.893	3388.63
370.17	3391.85
371.45	3395.06
372.735	3398.28
374.024	3401.5
375.317	3404.72
376.614	3407.95
377.915	3411.17
379.22	3414.4
380.53	3417.64
381.843	3420.87
383.161	3424.11
384.483	3427.35
385.809	3430.59
387.139	3433.83
388.473	3437.08
389.812	3440.32
391.155	3443.57
392.502	3446.83
393.853	3450.08
395.209	3453.34
396.569	3456.6
397.933	3459.86
399.301	3463.13
400.674	3466.39
402.051	3469.66
403.432	3472.93
404.818	3476.21
406.208	3479.49
407.602	3482.76
409.001	3486.04
410.404	3489.33
411.811	3492.61
413.223	3495.9
414.639	3499.19
416.06	3502.49
417.485	3505.78
418.915	3509.08
420.349	3512.38
421.787	3515.68
423.23	3518.98
424.678	3522.29
426.13	3525.6
427.586	3528.91
429.047	3532.23
430.513	3535.54
431.983	3538.86
433.457	3542.18
434.936	3545.5
436.42	3548.83
437.909	3552.16
439.402	3555.49
440.899	3558.82
442.401	3562.16
443.908	3565.49
445.42	3568.83
446.936	3572.18
448.457	3575.52
449.982	3578.87
451.513	3582.22
453.048	3585.57
454.587	3588.92
456.132	3592.28
457.681	3595.64
459.235	3599
460.793	3602.36
462.357	3605.73
463.925	3609.09
465.498	3612.46
467.076	3615.84
468.659	3619.21
470.246	3622.59
471.839	3625.97
473.436	3629.35
475.038	3632.74
476.645	3636.12
478.257	3639.51
479.874	3642.9
481.496	3646.3
483.122	3649.69
484.754	3653.09
486.39	3656.49
488.032	3659.9
489.679	3663.3
491.33	3666.71
492.987	3670.12
494.648	3673.53
496.315	3676.95
497.987	3680.37
499.663	3683.79
501.345	3687.21
503.032	3690.63
504.724	3694.06
506.421	3697.49
508.123	3700.92
509.83	3704.35
511.543	3707.79
513.26	3711.23
514.983	3714.67
516.711	3718.11
518.444	3721.56
520.182	3725.01
521.926	3728.46
523.675	3731.91
525.429	3735.37
527.188	3738.82
528.953	3742.28
530.722	3745.75
532.498	3749.21
534.278	3752.68
536.064	3756.15
537.855	3759.62
539.651	3763.09
541.453	3766.57
543.26	3770.05
545.072	3773.53
546.89	3777.01
548.714	3780.5
550.542	3783.99
552.376	3787.48
554.216	3790.97
556.061	3794.47
557.911	3797.96
559.767	3801.46
561.629	3804.97
563.495	3808.47
565.368	3811.98
567.246	3815.49
569.129	3819
571.018	3822.51
572.913	3826.03
574.813	3829.55
576.719	3833.07
578.63	3836.59
580.547	3840.12
582.47	3843.65
584.398	3847.18
586.332	3850.71
588.271	3854.25
590.217	3857.78
592.168	3861.32
594.124	3864.87
596.087	3868.41
598.055	3871.96
600.028	3875.51
602.008	3879.06
603.993	3882.61
605.984	3886.17
607.981	3889.73
609.984	3893.29
611.992	3896.85
614.007	3900.42
616.027	3903.99
618.053	3907.56
620.085	3911.13
622.123	3914.71
624.166	3918.29
626.216	3921.87
628.271	3925.45
630.333	3929.03
632.4	3932.62
634.473	3936.21
636.552	3939.8
638.638	3943.4
640.729	3946.99
642.826	3950.59
644.929	3954.19
647.039	3957.8
649.154	3961.4
651.275	3965.01
653.403	3968.62
655.536	3972.24
657.676	3975.85
659.822	3979.47
661.974	3983.09
664.132	3986.71
666.296	3990.34
668.466	3993.97
670.643	3997.59
672.825	4001.23
675.014	4004.86
677.209	4008.5
679.41	4012.14
681.618	4015.78
683.832	4019.42
686.052	4023.07
688.278	4026.72
690.511	4030.37
692.749	4034.02
694.995	4037.68
697.246	4041.33
699.504	4044.99
701.768	4048.66
704.039	4052.32
706.316	4055.99
708.599	4059.66
710.889	4063.33
713.185	4067.01
715.487	4070.68
717.796	4074.36
720.112	4078.04
722.434	4081.73
724.762	4085.41
727.097	4089.1
729.438	4092.79
731.786	4096.48
734.141	4100.18
736.502	4103.88
738.869	4107.58
741.243	4111.28
743.624	4114.99
746.011	4118.69
748.405	4122.4
750.806	4126.11
753.213	4129.83
755.627	4133.55
758.047	4137.26
760.474	4140.99
762.908	4144.71
765.348	4148.43
767.796	4152.16
770.249	4155.89
772.71	4159.63
775.177	4163.36
777.651	4167.1
780.132	4170.84
782.62	4174.58
785.115	4178.33
787.616	4182.07
790.124	4185.82
792.639	4189.58
795.161	4193.33
797.689	4197.09
800.225	4200.84
802.767	4204.61
805.316	4208.37
807.872	4212.13
810.436	4215.9
813.006	4219.67
815.583	4223.45
818.167	4227.22
820.757	4231
823.355	4234.78
825.96	4238.56
828.572	4242.35
831.191	4246.13
833.817	4249.92
836.45	4253.71
839.09	4257.51
841.737	4261.3
844.391	4265.1
847.053	4268.9
849.721	4272.7
852.397	4276.51
855.079	4280.32
857.769	4284.13
860.466	4287.94
863.17	4291.75
865.882	4295.57
868.6	4299.39
871.326	4303.21
874.059	4307.04
876.799	4310.86
879.546	4314.69
882.301	4318.52
885.063	4322.36
887.832	4326.19
890.609	4330.03
893.392	4333.87
896.183	4337.71
898.982	4341.56
901.788	4345.41
904.601	4349.26
907.422	4353.11
910.249	4356.96
913.085	4360.82
915.927	4364.68
918.777	4368.54
921.635	4372.4
924.5	4376.27
927.372	4380.14
930.252	4384.01
933.139	4387.88
936.034	4391.75
938.937	4395.63
941.846	4399.51
944.764	4403.39
947.689	4407.28
950.621	4411.16
953.561	4415.05
956.509	4418.94
959.464	4422.84
962.427	4426.73
965.397	4430.63
968.375	4434.53
971.36	4438.44
974.354	4442.34
977.354	4446.25
980.363	4450.16
983.379	4454.07
986.403	4457.98
989.435	4461.9
992.474	4465.82
995.521	4469.74
998.576	4473.67
1001.64	4477.59
1004.71	4481.52
1007.79	4485.45
1010.87	4489.38
1013.97	4493.32
1017.07	4497.25
1020.18	4501.19
1023.29	4505.14
1026.42	4509.08
1029.55	4513.03
1032.69	4516.98
1035.84	4520.93
1039	4524.88
1042.16	4528.84
1045.33	4532.79
1048.51	4536.75
1051.7	4540.72
1054.9	4544.68
1058.1	4548.65
1061.31	4552.62
1064.53	4556.59
1067.76	4560.56
1070.99	4564.54
1074.24	4568.52
1077.49	4572.5
1080.75	4576.48
1084.02	4580.47
1087.29	4584.46
1090.58	4588.45
1093.87	4592.44
1097.17	4596.43
1100.48	4600.43
1103.79	4604.43
1107.12	4608.43
1110.45	4612.44
1113.79	4616.44
1117.14	4620.45
1120.5	4624.46
1123.86	4628.47
1127.23	4632.49
1130.62	4636.51
1134	4640.53
1137.4	4644.55
1140.81	4648.57
1144.22	4652.6
1147.64	4656.63
1151.08	4660.66
1154.51	4664.69
1157.96	4668.73
1161.42	4672.76
1164.88	4676.8
1168.35	4680.85
1171.83	4684.89
1175.32	4688.94
1178.82	4692.99
1182.32	4697.04
1185.84	4701.09
1189.36	4705.15
1192.89	4709.21
1196.43	4713.27
1199.98	4717.33
1203.53	4721.39
1207.09	4725.46
1210.67	4729.53
1214.25	4733.6
1217.84	4737.68
1221.43	4741.75
1225.04	4745.83
1228.65	4749.91
1232.28	4753.99
1235.91	4758.08
1239.55	4762.17
1243.2	4766.26
1246.85	4770.35
1250.52	4774.44
1254.19	4778.54
1257.88	4782.64
1261.57	4786.74
1265.27	4790.84
1268.97	4794.95
1272.69	4799.05
1276.42	4803.16
1280.15	4807.27
1283.89	4811.39
1287.64	4815.51
1291.4	4819.62
1295.17	4823.75
1298.95	4827.87
1302.73	4831.99
1306.53	4836.12
1310.33	4840.25
1314.14	4844.38
1317.96	4848.52
1321.79	4852.65
1325.63	4856.79
1329.47	4860.93
1333.33	4865.08
1337.19	4869.22
1341.07	4873.37
1344.95	4877.52
1348.84	4881.67
1352.73	4885.83
1356.64	4889.98
1360.56	4894.14
1364.48	4898.3
1368.42	4902.46
1372.36	4906.63
1376.31	4910.8
1380.27	4914.97
1384.24	4919.14
1388.22	4923.31
1392.2	4927.49
1396.2	4931.67
1400.2	4935.85
1404.21	4940.03
1408.24	4944.22
1412.27	4948.4
1416.31	4952.59
1420.35	4956.79
1424.41	4960.98
1428.48	4965.18
1432.55	4969.37
1436.64	4973.57
1440.73	4977.78
1444.83	4981.98
1448.94	4986.19
1453.06	4990.4
1457.19	4994.61
1461.33	4998.82
1465.47	5003.04
1469.63	5007.26
1473.79	5011.48
1477.97	5015.7
1482.15	5019.92
1486.34	5024.15
1490.54	5028.38
1494.75	5032.61
1498.97	5036.84
1503.19	5041.08
1507.43	5045.32
1511.68	5049.56
1515.93	5053.8
1520.19	5058.04
1524.47	5062.29
1528.75	5066.54
1533.04	5070.79
1537.34	5075.04
1541.64	5079.3
1545.96	5083.55
1550.29	5087.81
1554.62	5092.07
1558.97	5096.34
1563.32	5100.6
1567.69	5104.87
1572.06	5109.14
1576.44	5113.41
1580.83	5117.69
1585.23	5121.96
1589.64	5126.24
1594.05	5130.52
1598.48	5134.81
1602.92	5139.09
1607.36	5143.38
1611.82	5147.67
1616.28	5151.96
1620.75	5156.25
1625.23	5160.55
1629.72	5164.85
1634.22	5169.15
1638.73	5173.45
1643.25	5177.75
1647.78	5182.06
1652.31	5186.37
1656.86	5190.68
1661.41	5194.99
1665.98	5199.31
1670.55	5203.62
1675.13	5207.94
1679.72	5212.26
1684.32	5216.59
1688.93	5220.91
1693.55	5225.24
1698.18	5229.57
1702.82	5233.9
1707.47	5238.24
1712.12	5242.57
1716.79	5246.91
1721.46	5251.25
1726.15	5255.59
1730.84	5259.94
1735.54	5264.28
1740.25	5268.63
1744.97	5272.98
1749.7	5277.34
1754.44	5281.69
1759.19	5286.05
1763.95	5290.41
1768.71	5294.77
1773.49	5299.13
1778.28	5303.5
1783.07	5307.87
1787.87	5312.24
1792.69	5316.61
1797.51	5320.98
1802.34	5325.36
1807.18	5329.74
1812.03	5334.12
1816.89	5338.5
1821.76	5342.88
1826.64	5347.27
1831.53	5351.66
1836.42	5356.05
1841.33	5360.44
1846.24	5364.83
1851.17	5369.23
1856.1	5373.63
1861.05	5378.03
1866	5382.43
1870.96	5386.84
1875.93	5391.25
1880.91	5395.65
1885.9	5400.07
1890.9	5404.48
1895.91	5408.89
1900.92	5413.31
1905.95	5417.73
1910.99	5422.15
1916.03	5426.58
1921.09	5431
1926.15	5435.43
1931.22	5439.86
1936.31	5444.29
1941.4	5448.72
1946.5	5453.16
1951.61	5457.6
1956.73	5462.04
1961.86	5466.48
1966.99	5470.92
1972.14	5475.37
1977.3	5479.82
1982.46	5484.27
1987.64	5488.72
1992.82	5493.17
1998.02	5497.63
2003.22	5502.08
2008.43	5506.54
2013.66	5511.01
2018.89	5515.47
2024.13	5519.94
2029.38	5524.4
2034.64	5528.88
2039.9	5533.35
2045.18	5537.82
2050.47	5542.3
2055.76	5546.78
2061.07	5551.26
2066.38	5555.74
2071.71	5560.22
2077.04	5564.71
2082.38	5569.2
2087.73	5573.69
2093.09	5578.18
2098.47	5582.67
2103.84	5587.17
2109.23	5591.67
2114.63	5596.17
2120.04	5600.67
2125.45	5605.17
2130.88	5609.68
2136.31	5614.19
2141.76	5618.7
2147.21	5623.21
2152.67	5627.72
2158.15	5632.24
2163.63	5636.75
2169.12	5641.27
2174.62	5645.8
2180.13	5650.32
2185.64	5654.85
2191.17	5659.37
2196.71	5663.9
2202.25	5668.43
2207.81	5672.97
2213.37	5677.5
2218.94	5682.04
2224.53	5686.58
2230.12	5691.12
2235.72	5695.66
2241.33	5700.21
2246.95	5704.76
2252.57	5709.31
2258.21	5713.86
2263.86	5718.41
2269.51	5722.96
2275.18	5727.52
2280.85	5732.08
2286.53	5736.64
2292.23	5741.2
2297.93	5745.77
2303.64	5750.33
2309.36	5754.9
2315.09	5759.47
2320.82	5764.04
2326.57	5768.62
2332.33	5773.19
2338.09	5777.77
2343.87	5782.35
2349.65	5786.93
2355.44	5791.52
2361.24	5796.1
2367.05	5800.69
2372.87	5805.28
2378.7	5809.87
2384.54	5814.46
2390.38	5819.06
2396.24	5823.66
2402.1	5828.25
2407.98	5832.85
2413.86	5837.46
2419.75	5842.06
2425.65	5846.67
2431.56	5851.28
2437.48	5855.89
2443.41	5860.5
2449.34	5865.11
2455.29	5869.73
2461.24	5874.35
2467.21	5878.96
2473.18	5883.59
2479.16	5888.21
2485.15	5892.83
2491.15	5897.46
2497.16	5902.09
2503.17	5906.72
2509.2	5911.35
2515.23	5915.99
2521.28	5920.62
2527.33	5925.26
2533.39	5929.9
2539.46	5934.54
2545.54	5939.19
2551.63	5943.83
2557.72	5948.48
2563.83	5953.13
2569.94	5957.78
2576.06	5962.43
2582.2	5967.09
2588.34	5971.74
2594.49	5976.4
2600.64	5981.06
2606.81	5985.72
2612.99	5990.38
2619.17	5995.05
2625.36	5999.72
2631.56	6004.39
2637.78	6009.06
2643.99	6013.73
2650.22	6018.4
2656.46	6023.08
2662.7	6027.76
2668.96	6032.44
2675.22	6037.12
2681.49	6041.8
2687.77	6046.49
2694.06	6051.18
2700.36	6055.86
2706.66	6060.56
2712.98	6065.25
2719.3	6069.94
2725.63	6074.64
2731.97	6079.34
2738.32	6084.03
2744.67	6088.74
2751.04	6093.44
2757.41	6098.14
2763.8	6102.85
2770.19	6107.56
2776.59	6112.27
2782.99	6116.98
2789.41	6121.69
2795.83	6126.41
2802.27	6131.13
2808.71	6135.85
2815.16	6140.57
2821.62	6145.29
2828.08	6150.01
2834.56	6154.74
2841.04	6159.47
2847.54	6164.2
2854.04	6168.93
2860.54	6173.66
2867.06	6178.39
2873.59	6183.13
2880.12	6187.87
2886.66	6192.61
2893.21	6197.35
2899.77	6202.09
2906.34	6206.84
2912.91	6211.58
2919.49	6216.33
2926.09	6221.08
2932.68	6225.83
2939.29	6230.59
2945.91	6235.34
2952.53	6240.1
2959.16	6244.86
2965.8	6249.62
2972.45	6254.38
2979.11	6259.14
2985.77	6263.91
2992.45	6268.67
2999.13	6273.44
3005.81	6278.21
3012.51	6282.98
3019.22	6287.76
3025.93	6292.53
3032.65	6297.31
3039.38	6302.09
3046.11	6306.87
3052.86	6311.65
3059.61	6316.43
3066.37	6321.22
3073.14	6326.01
3079.92	6330.8
3086.7	6335.59
3093.49	6340.38
3100.29	6345.17
3107.1	6349.97
3113.91	6354.76
3120.74	6359.56
3127.57	6364.36
3134.41	6369.16
3141.25	6373.97
3148.11	6378.77
3154.97	6383.58
3161.84	6388.39
3168.72	6393.2
3175.6	6398.01
3182.49	6402.82
3189.39	6407.64
3196.3	6412.45
3203.22	6417.27
3210.14	6422.09
3217.07	6426.91
3224.01	6431.73
3230.96	6436.56
3237.91	6441.38
3244.87	6446.21
3251.84	6451.04
3258.82	6455.87
3265.8	6460.7
3272.79	6465.54
3279.79	6470.37
3286.79	6475.21
3293.81	6480.05
3300.83	6484.89
3307.86	6489.73
3314.89	6494.57
3321.93	6499.42
3328.98	6504.27
3336.04	6509.11
3343.11	6513.96
3350.18	6518.81
3357.26	6523.67
3364.34	6528.52
3371.44	6533.38
3378.54	6538.23
3385.65	6543.09
3392.76	6547.95
3399.88	6552.82
3407.01	6557.68
3414.15	6562.54
3421.29	6567.41
3428.44	6572.28
3435.6	6577.15
3442.77	6582.02
3449.94	6586.89
3457.12	6591.77
3464.3	6596.64
3471.5	6601.52
3478.7	6606.4
3485.9	6611.28
3493.12	6616.16
3500.34	6621.04
3507.57	6625.93
3514.8	6630.81
3522.04	6635.7
3529.29	6640.59
3536.54	6645.48
3543.81	6650.38
3551.08	6655.27
3558.35	6660.16
3565.63	6665.06
3572.92	6669.96
3580.22	6674.86
3587.52	6679.76
3594.83	6684.66
3602.14	6689.57
3609.47	6694.47
3616.79	6699.38
3624.13	6704.29
3631.47	6709.2
3638.82	6714.11
3646.18	6719.02
3653.54	6723.94
3660.9	6728.85
3668.28	6733.77
3675.66	6738.69
3683.05	6743.61
3690.44	6748.53
3697.84	6753.45
3705.25	6758.37
3712.66	6763.3
3720.08	6768.23
3727.51	6773.16
3734.94	6778.09
3742.38	6783.02
3749.82	6787.95
3757.27	6792.88
3764.73	6797.82
3772.19	6802.76
3779.66	6807.69
3787.14	6812.63
3794.62	6817.58
3802.11	6822.52
3809.6	6827.46
3817.1	6832.41
3824.61	6837.35
3832.12	6842.3
3839.64	6847.25
3847.16	6852.2
3854.69	6857.15
3862.23	6862.11
3869.77	6867.06
3877.32	6872.02
3884.87	6876.98
3892.43	6881.94
3900	6886.9
3907.57	6891.86
3915.15	6896.82
3922.73	6901.79
3930.32	6906.75
3937.92	6911.72
3945.52	6916.69
3953.12	6921.66
3960.73	6926.63
3968.35	6931.6
3975.98	6936.57
3983.61	6941.55
3991.24	6946.53
3998.88	6951.5
4006.53	6956.48
4014.18	6961.46
4021.83	6966.44
4029.5	6971.43
4037.16	6976.41
4044.84	6981.4
4052.52	6986.38
4060.2	6991.37
4067.89	6996.36
4075.58	7001.35
4083.29	7006.34
4090.99	7011.34
4098.7	7016.33
4106.42	7021.33
4114.14	7026.33
4121.87	7031.32
4129.6	7036.32
4137.34	7041.32
4145.08	7046.33
4152.83	7051.33
4160.58	7056.34
4168.34	7061.34
4176.1	7066.35
4183.87	7071.36
4191.64	7076.37
4199.42	7081.38
4207.2	7086.39
4214.99	7091.4
4222.79	7096.42
4230.58	7101.43
4238.39	7106.45
4246.2	7111.47
4254.01	7116.49
4261.83	7121.51
4269.65	7126.53
4277.48	7131.55
4285.31	7136.58
4293.15	7141.61
4300.99	7146.63
4308.83	7151.66
4316.69	7156.69
4324.54	7161.72
4332.4	7166.75
4340.27	7171.78
4348.14	7176.82
4356.01	7181.85
4363.89	7186.89
4371.78	7191.93
4379.67	7196.97
4387.56	7202.01
4395.46	7207.05
4403.36	7212.09
4411.26	7217.13
4419.17	7222.18
4427.09	7227.22
4435.01	7232.27
4442.93	7237.32
4450.86	7242.37
4458.79	7247.42
4466.73	7252.47
4474.67	7257.52
4482.62	7262.57
4490.57	7267.63
4498.52	7272.68
4506.48	7277.74
4514.44	7282.8
4522.41	7287.86
4530.38	7292.92
4538.35	7297.98
4546.33	7303.04
4554.31	7308.11
4562.3	7313.17
4570.29	7318.24
4578.29	7323.31
4586.28	7328.37
4594.29	7333.44
4602.29	7338.51
4610.3	7343.59
4618.32	7348.66
4626.34	7353.73
4634.36	7358.81
4642.38	7363.88
4650.41	7368.96
4658.45	7374.04
4666.48	7379.11
4674.53	7384.2
4682.57	7389.28
4690.62	7394.36
4698.67	7399.44
4706.73	7404.52
4714.78	7409.61
4722.85	7414.7
4730.91	7419.78
4738.98	7424.87
4747.06	7429.96
4755.13	7435.05
4763.21	7440.14
4771.3	7445.24
4779.38	7450.33
4787.48	7455.42
4795.57	7460.52
4803.67	7465.62
4811.77	7470.71
4819.87	7475.81
4827.98	7480.91
4836.09	7486.01
4844.2	7491.11
4852.32	7496.22
4860.44	7501.32
4868.56	7506.42
4876.69	7511.53
4884.82	7516.64
4892.95	7521.74
4901.09	7526.85
4909.23	7531.96
4917.37	7537.07
4925.51	7542.18
4933.66	7547.29
4941.81	7552.41
4949.97	7557.52
4958.12	7562.64
4966.28	7567.75
4974.45	7572.87
4982.61	7577.99
4990.78	7583.11
4998.95	7588.23
5007.12	7593.35
5015.3	7598.47
5023.48	7603.59
5031.66	7608.71
5039.85	7613.84
5048.04	7618.96
5056.23	7624.09
5064.42	7629.22
5072.61	7634.34
5080.81	7639.47
5089.01	7644.6
5097.22	7649.73
5105.42	7654.86
5113.63	7660
5121.84	7665.13
5130.06	7670.26
5138.27	7675.4
5146.49	7680.54
5154.71	7685.67
5162.93	7690.81
5171.16	7695.95
5179.39	7701.09
5187.62	7706.23
5195.85	7711.37
5204.08	7716.51
5212.32	7721.65
5220.56	7726.8
5228.8	7731.94
5237.04	7737.09
5245.29	7742.23
5253.54	7747.38
5261.79	7752.53
5270.04	7757.68
5278.29	7762.83
5286.55	7767.98
5294.81	7773.13
5303.07	7778.28
5311.33	7783.43
5319.59	7788.59
5327.86	7793.74
5336.13	7798.89
5344.4	7804.05
5352.67	7809.21
5360.94	7814.36
5369.22	7819.52
5377.49	7824.68
5385.77	7829.84
5394.05	7835
5402.33	7840.16
5410.62	7845.33
5418.9	7850.49
5427.19	7855.65
5435.48	7860.82
5443.77	7865.98
5452.06	7871.15
5460.36	7876.31
5468.65	7881.48
5476.95	7886.65
5485.25	7891.82
5493.55	7896.99
5501.85	7902.16
5510.15	7907.33
5518.46	7912.5
5526.77	7917.67
5535.07	7922.85
5543.38	7928.02
5551.69	7933.2
5560	7938.37
5568.32	7943.55
5576.63	7948.72
5584.94	7953.9
5593.26	7959.08
5601.58	7964.26
5609.9	7969.44
5618.22	7974.62
5626.54	7979.8
5634.86	7984.98
5643.19	7990.16
5651.51	7995.35
5659.84	8000.53
5668.16	8005.71
5676.49	8010.9
5684.82	8016.08
5693.15	8021.27
5701.48	8026.46
5709.81	8031.64
5718.15	8036.83
5726.48	8042.02
5734.82	8047.21
5743.15	8052.4
5751.49	8057.59
5759.83	8062.78
5768.16	8067.97
5776.5	8073.17
5784.84	8078.36
5793.18	8083.55
5801.52	8088.75
5809.87	8093.94
5818.21	8099.14
5826.55	8104.33
5834.9	8109.53
5843.24	8114.73
5851.59	8119.93
5859.93	8125.12
5868.28	8130.32
5876.62	8135.52
5884.97	8140.72
5893.32	8145.92
5901.67	8151.13
5910.02	8156.33
5918.37	8161.53
5926.72	8166.73
5935.07	8171.94
5943.42	8177.14
5951.77	8182.35
5960.12	8187.55
5968.47	8192.76
5976.83	8197.96
5985.18	8203.17
5993.53	8208.38
6001.88	8213.58
6010.24	8218.79
6018.59	8224
6026.94	8229.21
6035.3	8234.42
6043.65	8239.63
6052.01	8244.84
6060.36	8250.05
6068.71	8255.27
6077.07	8260.48
6085.42	8265.69
6093.78	8270.9
6102.13	8276.12
6110.49	8281.33
6118.84	8286.55
6127.2	8291.76
6135.55	8296.98
6143.91	8302.2
6152.26	8307.41
6160.61	8312.63
6168.97	8317.85
6177.32	8323.06
6185.68	8328.28
6194.03	8333.5
6202.38	8338.72
6210.74	8343.94
6219.09	8349.16
6227.44	8354.38
6235.8	8359.6
6244.15	8364.82
6252.5	8370.05
6260.85	8375.27
6269.2	8380.49
6277.55	8385.71
6285.91	8390.94
6294.25	8396.16
6302.6	8401.39
6310.95	8406.61
6319.3	8411.84
6327.65	8417.06
6336	8422.29
6344.35	8427.51
6352.69	8432.74
6361.04	8437.97
6369.39	8443.2
6377.73	8448.42
6386.08	8453.65
6394.42	8458.88
6402.76	8464.11
6411.11	8469.34
6419.45	8474.57
6427.79	8479.8
6436.13	8485.03
6444.47	8490.26
6452.81	8495.49
6461.15	8500.72
6469.49	8505.95
6477.82	8511.18
6486.16	8516.42
6494.5	8521.65
6502.83	8526.88
6511.16	8532.12
6519.5	8537.35
6527.83	8542.58
6536.16	8547.82
6544.49	8553.05
6552.82	8558.29
6561.15	8563.52
6569.47	8568.76
6577.8	8573.99
6586.13	8579.23
6594.45	8584.46
6602.77	8589.7
6611.1	8594.94
6619.42	8600.17
6627.74	8605.41
6636.06	8610.65
6644.37	8615.89
6652.69	8621.12
6661.01	8626.36
6669.32	8631.6
6677.63	8636.84
6685.94	8642.08
6694.26	8647.32
6702.56	8652.56
6710.87	8657.8
6719.18	8663.04
6727.49	8668.28
6735.79	8673.52
6744.09	8678.76
6752.4	8684
6760.7	8689.24
6768.99	8694.48
6777.29	8699.72
6785.59	8704.96
6793.88	8710.2
6802.18	8715.45
6810.47	8720.69
6818.76	8725.93
6827.05	8731.17
6835.34	8736.41
6843.62	8741.66
6851.91	8746.9
6860.19	8752.14
6868.47	8757.39
6876.75	8762.63
6885.03	8767.87
6893.31	8773.12
6901.58	8778.36
6909.86	8783.6
6918.13	8788.85
6926.4	8794.09
6934.67	8799.34
6942.94	8804.58
6951.2	8809.83
6959.46	8815.07
6967.73	8820.31
6975.99	8825.56
6984.24	8830.8
6992.5	8836.05
7000.76	8841.29
7009.01	8846.54
7017.26	8851.79
7025.51	8857.03
7033.76	8862.28
7042	8867.52
7050.25	8872.77
7058.49	8878.01
7066.73	8883.26
7074.97	8888.51
7083.2	8893.75
7091.44	8899
7099.67	8904.24
7107.9	8909.49
7116.13	8914.74
7124.36	8919.98
7132.58	8925.23
7140.8	8930.47
7149.02	8935.72
7157.24	8940.97
7165.46	8946.21
7173.67	8951.46
7181.88	8956.71
7190.09	8961.95
7198.3	8967.2
7206.51	8972.45
7214.71	8977.69
7222.91	8982.94
7231.11	8988.19
7239.31	8993.43
7247.51	8998.68
7255.7	9003.93
7263.89	9009.17
7272.08	9014.42
7280.26	9019.66
7288.45	9024.91
7296.63	9030.16
7304.81	9035.4
7312.99	9040.65
7321.16	9045.9
7329.33	9051.14
7337.5	9056.39
7345.67	9061.63
7353.84	9066.88
7362	9072.13
7370.16	9077.37
7378.32	9082.62
7386.47	9087.86
7394.63	9093.11
7402.78	9098.36
7410.93	9103.6
7419.07	9108.85
7427.22	9114.09
7435.36	9119.34
7443.5	9124.58
7451.63	9129.83
7459.77	9135.07
7467.9	9140.32
7476.03	9145.56
7484.15	9150.81
7492.28	9156.05
7500.4	9161.3
7508.52	9166.54
7516.63	9171.79
7524.75	9177.03
7532.86	9182.27
7540.96	9187.52
7549.07	9192.76
7557.17	9198
7565.27	9203.25
7573.37	9208.49
7581.46	9213.73
7589.56	9218.98
7597.65	9224.22
7605.73	9229.46
7613.82	9234.71
7621.9	9239.95
7629.98	9245.19
7638.05	9250.43
7646.12	9255.67
7654.19	9260.92
7662.26	9266.16
7670.33	9271.4
7678.39	9276.64
7686.45	9281.88
7694.5	9287.12
7702.55	9292.36
7710.6	9297.6
7718.65	9302.84
7726.7	9308.08
7734.74	9313.32
7742.78	9318.56
7750.81	9323.8
7758.85	9329.04
7766.88	9334.28
7774.9	9339.51
7782.93	9344.75
7790.95	9349.99
7798.97	9355.23
7806.98	9360.46
7814.99	9365.7
7823	9370.94
7831.01	9376.17
7839.01	9381.41
7847.01	9386.65
7855.01	9391.88
7863	9397.12
7870.99	9402.35
7878.98	9407.59
7886.97	9412.82
7894.95	9418.06
7902.93	9423.29
7910.9	9428.53
7918.88	9433.76
7926.84	9438.99
7934.81	9444.22
7942.77	9449.46
7950.73	9454.69
7958.69	9459.92
7966.64	9465.15
7974.59	9470.38
7982.54	9475.61
7990.49	9480.84
7998.43	9486.07
8006.36	9491.3
8014.3	9496.53
8022.23	9501.76
8030.16	9506.99
8038.08	9512.22
8046	9517.45
8053.92	9522.68
8061.84	9527.9
8069.75	9533.13
8077.66	9538.36
8085.56	9543.58
8093.46	9548.81
8101.36	9554.03
8109.26	9559.26
8117.15	9564.48
8125.04	9569.71
8132.92	9574.93
8140.8	9580.16
8148.68	9585.38
8156.56	9590.6
8164.43	9595.82
8172.3	9601.05
8180.16	9606.27
8188.02	9611.49
8195.88	9616.71
8203.73	9621.93
8211.59	9627.15
8219.43	9632.37
8227.28	9637.59
8235.12	9642.8
8242.96	9648.02
8250.79	9653.24
8258.62	9658.46
8266.45	9663.67
8274.27	9668.89
8282.09	9674.1
8289.91	9679.32
8297.72	9684.53
8305.53	9689.75
8313.33	9694.96
8321.14	9700.18
8328.94	9705.39
8336.73	9710.6
8344.52	9715.81
8352.31	9721.02
8360.09	9726.23
8367.88	9731.44
8375.65	9736.65
8383.43	9741.86
8391.2	9747.07
8398.96	9752.28
8406.73	9757.49
8414.48	9762.7
8422.24	9767.9
8429.99	9773.11
8437.74	9778.31
8445.49	9783.52
8453.23	9788.72
8460.96	9793.93
8468.7	9799.13
8476.43	9804.33
8484.15	9809.54
8491.88	9814.74
8499.6	9819.94
8507.31	9825.14
8515.02	9830.34
8522.73	9835.54
8530.43	9840.74
8538.13	9845.94
8545.83	9851.13
8553.52	9856.33
8561.21	9861.53
8568.9	9866.72
8576.58	9871.92
8584.26	9877.11
8591.93	9882.31
8599.6	9887.5
8607.27	9892.69
8614.93	9897.89
8622.59	9903.08
8630.25	9908.27
8637.9	9913.46
8645.55	9918.65
8653.19	9923.84
8660.83	9929.03
8668.47	9934.21
8676.1	9939.4
8683.73	9944.59
8691.35	9949.77
8698.97	9954.96
8706.59	9960.14
8714.2	9965.33
8721.81	9970.51
8729.42	9975.69
8737.02	9980.88
8744.62	9986.06
8752.21	9991.24
8759.8	9996.42
8767.39	10001.6
8774.97	10006.8
8782.55	10012
8790.12	10017.1
8797.69	10022.3
8805.26	10027.5
8812.82	10032.7
8820.38	10037.8
8827.93	10043
8835.48	10048.2
8843.03	10053.4
8850.57	10058.5
8858.11	10063.7
8865.65	10068.9
8873.18	10074
8880.71	10079.2
8888.23	10084.4
8895.75	10089.5
8903.26	10094.7
8910.77	10099.9
8918.28	10105
8925.78	10110.2
8933.28	10115.4
8940.78	10120.5
8948.27	10125.7
8955.75	10130.8
8963.24	10136
8970.72	10141.2
8978.19	10146.3
8985.66	10151.5
8993.13	10156.6
9000.59	10161.8
9008.05	10167
9015.51	10172.1
9022.96	10177.3
9030.4	10182.4
9037.85	10187.6
9045.28	10192.7
9052.72	10197.9
9060.15	10203
9067.58	10208.2
9075	10213.3
9082.42	10218.5
9089.83	10223.6
9097.24	10228.8
9104.65	10233.9
9112.05	10239
9119.44	10244.2
9126.84	10249.3
9134.23	10254.5
9141.61	10259.6
9148.99	10264.8
9156.37	10269.9
9163.74	10275
9171.11	10280.2
9178.48	10285.3
9185.84	10290.4
9193.19	10295.6
9200.55	10300.7
9207.89	10305.8
9215.24	10311
9222.58	10316.1
9229.91	10321.2
9237.25	10326.4
9244.57	10331.5
9251.89	10336.6
9259.21	10341.7
9266.53	10346.9
9273.84	10352
9281.14	10357.1
9288.45	10362.2
9295.75	10367.4
9303.04	10372.5
9310.33	10377.6
9317.61	10382.7
9324.9	10387.8
9332.17	10393
9339.45	10398.1
9346.71	10403.2
9353.98	10408.3
9361.24	10413.4
9368.49	10418.5
9375.75	10423.7
9382.99	10428.8
9390.24	10433.9
9397.48	10439
9404.71	10444.1
9411.94	10449.2
9419.17	10454.3
9426.39	10459.4
9433.61	10464.5
9440.82	10469.6
9448.03	10474.7
9455.24	10479.8
9462.44	10484.9
9469.63	10490
9476.83	10495.1
9484.01	10500.2
9491.2	10505.3
9498.38	10510.4
9505.55	10515.5
9512.72	10520.6
9519.89	10525.7
9527.05	10530.8
9534.21	10535.9
9541.37	10541
9548.51	10546
9555.66	10551.1
9562.8	10556.2
9569.94	10561.3
9577.07	10566.4
9584.2	10571.5
9591.32	10576.5
9598.44	10581.6
9605.56	10586.7
9612.67	10591.8
9619.78	10596.9
9626.88	10601.9
9633.97	10607
9641.07	10612.1
9648.16	10617.2
9655.24	10622.2
9662.33	10627.3
9669.4	10632.4
9676.47	10637.4
9683.54	10642.5
9690.61	10647.6
9697.66	10652.6
9704.72	10657.7
9711.77	10662.8
9718.82	10667.8
9725.86	10672.9
9732.9	10678
9739.93	10683
9746.96	10688.1
9753.98	10693.1
9761	10698.2
9768.02	10703.2
9775.03	10708.3
9782.04	10713.3
9789.04	10718.4
9796.04	10723.4
9803.03	10728.5
9810.02	10733.5
9817.01	10738.6
9823.99	10743.6
9830.97	10748.7
9837.94	10753.7
9844.91	10758.8
9851.87	10763.8
9858.83	10768.8
9865.79	10773.9
9872.74	10778.9
9879.68	10784
9886.62	10789
9893.56	10794
9900.5	10799.1
9907.43	10804.1
9914.35	10809.1
9921.27	10814.1
9928.19	10819.2
9935.1	10824.2
9942	10829.2
9948.91	10834.2
9955.8	10839.3
9962.7	10844.3
9969.59	10849.3
9976.47	10854.3
9983.35	10859.3
9990.23	10864.4
9997.1	10869.4
10004	10874.4
10010.8	10879.4
10017.7	10884.4
10024.5	10889.4
10031.4	10894.4
10038.2	10899.4
10045.1	10904.5
10051.9	10909.5
10058.8	10914.5
10065.6	10919.5
10072.4	10924.5
10079.2	10929.5
10086	10934.5
10092.9	10939.5
10099.7	10944.5
10106.5	10949.5
10113.3	10954.5
10120	10959.4
10126.8	10964.4
10133.6	10969.4
10140.4	10974.4
10147.2	10979.4
10153.9	10984.4
10160.7	10989.4
10167.5	10994.4
10174.2	10999.3
10181	11004.3
10187.7	11009.3
10194.5	11014.3
10201.2	11019.3
10208	11024.2
10214.7	11029.2
10221.4	11034.2
10228.1	11039.2
10234.9	11044.1
10241.6	11049.1
10248.3	11054.1
10255	11059
10261.7	11064
10268.4	11069
10275.1	11073.9
10281.8	11078.9
10288.4	11083.8
10295.1	11088.8
10301.8	11093.8
10308.5	11098.7
10315.1	11103.7
10321.8	11108.6
10328.5	11113.6
10335.1	11118.5
10341.7	11123.5
10348.4	11128.4
10355	11133.4
10361.7	11138.3
10368.3	11143.3
10374.9	11148.2
10381.5	11153.1
10388.2	11158.1
10394.8	11163
10401.4	11168
10408	11172.9
10414.6	11177.8
10421.2	11182.8
10427.8	11187.7
10434.4	11192.6
10440.9	11197.5
10447.5	11202.5
10454.1	11207.4
10460.7	11212.3
10467.2	11217.2
10473.8	11222.2
10480.3	11227.1
10486.9	11232
10493.4	11236.9
10500	11241.8
10506.5	11246.7
10513	11251.7
10519.6	11256.6
10526.1	11261.5
10532.6	11266.4
10539.1	11271.3
10545.6	11276.2
10552.2	11281.1
10558.7	11286
10565.2	11290.9
10571.6	11295.8
10578.1	11300.7
10584.6	11305.6
10591.1	11310.5
10597.6	11315.4
10604	11320.3
10610.5	11325.2
10617	11330.1
10623.4	11334.9
10629.9	11339.8
10636.3	11344.7
10642.8	11349.6
10649.2	11354.5
10655.7	11359.4
10662.1	11364.2
10668.5	11369.1
10674.9	11374
10681.4	11378.9
10687.8	11383.7
10694.2	11388.6
10700.6	11393.5
10707	11398.3
10713.4	11403.2
10719.8	11408.1
10726.2	11412.9
10732.6	11417.8
10738.9	11422.7
10745.3	11427.5
10751.7	11432.4
10758	11437.2
10764.4	11442.1
10770.8	11446.9
10777.1	11451.8
10783.5	11456.6
10789.8	11461.5
10796.1	11466.3
10802.5	11471.2
10808.8	11476
10815.1	11480.8
10821.5	11485.7
10827.8	11490.5
10834.1	11495.4
10840.4	11500.2
10846.7	11505
10853	11509.9
10859.3	11514.7
10865.6	11519.5
10871.9	11524.4
10878.2	11529.2
10884.4	11534
10890.7	11538.8
10897	11543.6
10903.2	11548.5
10909.5	11553.3
10915.8	11558.1
10922	11562.9
10928.3	11567.7
10934.5	11572.5
10940.7	11577.3
10947	11582.1
10953.2	11587
10959.4	11591.8
10965.7	11596.6
10971.9	11601.4
10978.1	11606.2
10984.3	11611
10990.5	11615.8
10996.7	11620.6
11002.9	11625.3
11009.1	11630.1
11015.3	11634.9
11021.5	11639.7
11027.6	11644.5
11033.8	11649.3
11040	11654.1
11046.1	11658.8
11052.3	11663.6
11058.5	11668.4
11064.6	11673.2
11070.8	11678
11076.9	11682.7
11083	11687.5
11089.2	11692.3
11095.3	11697
11101.4	11701.8
11107.6	11706.6
11113.7	11711.3
11119.8	11716.1
11125.9	11720.9
11132	11725.6
11138.1	11730.4
11144.2	11735.1
11150.3	11739.9
11156.4	11744.6
11162.5	11749.4
11168.5	11754.1
11174.6	11758.9
11180.7	11763.6
11186.7	11768.4
11192.8	11773.1
11198.9	11777.8
11204.9	11782.6
11211	11787.3
11217	11792
11223	11796.8
11229.1	11801.5
11235.1	11806.2
11241.1	11811
11247.2	11815.7
11253.2	11820.4
11259.2	11825.1
11265.2	11829.9
11271.2	11834.6
11277.2	11839.3
11283.2	11844
11289.2	11848.7
11295.2	11853.4
11301.2	11858.1
11307.1	11862.8
11313.1	11867.5
11319.1	11872.3
11325	11877
11331	11881.7
11337	11886.4
11342.9	11891.1
11348.9	11895.7
11354.8	11900.4
11360.7	11905.1
11366.7	11909.8
11372.6	11914.5
11378.5	11919.2
11384.5	11923.9
11390.4	11928.6
11396.3	11933.2
11402.2	11937.9
11408.1	11942.6
11414	11947.3
11419.9	11952
11425.8	11956.6
11431.7	11961.3
11437.6	11966
11443.5	11970.6
11449.3	11975.3
11455.2	11980
11461.1	11984.6
11466.9	11989.3
11472.8	11993.9
11478.7	11998.6
11484.5	12003.2
11490.4	12007.9
11496.2	12012.5
11502	12017.2
11507.9	12021.8
11513.7	12026.5
11519.5	12031.1
11525.3	12035.8
11531.2	12040.4
11537	12045
11542.8	12049.7
11548.6	12054.3
11554.4	12058.9
11560.2	12063.6
11566	12068.2
11571.8	12072.8
11577.5	12077.5
11583.3	12082.1
11589.1	12086.7
11594.9	12091.3
11600.6	12095.9
11606.4	12100.5
11612.1	12105.2
11617.9	12109.8
11623.6	12114.4
11629.4	12119
11635.1	12123.6
11640.9	12128.2
11646.6	12132.8
11652.3	12137.4
11658	12142
11663.8	12146.6
11669.5	12151.2
11675.2	12155.8
11680.9	12160.4
11686.6	12165
11692.3	12169.5
11698	12174.1
11703.7	12178.7
11709.4	12183.3
11715.1	12187.9
11720.7	12192.5
11726.4	12197
11732.1	12201.6
11737.7	12206.2
11743.4	12210.7
11749.1	12215.3
11754.7	12219.9
11760.4	12224.4
11766	12229
11771.6	12233.6
11777.3	12238.1
11782.9	12242.7
11788.5	12247.2
11794.2	12251.8
11799.8	12256.3
11805.4	12260.9
11811	12265.4
11816.6	12270
11822.2	12274.5
11827.8	12279.1
11833.4	12283.6
11839	12288.1
11844.6	12292.7
11850.2	12297.2
11855.7	12301.7
11861.3	12306.3
11866.9	12310.8
11872.4	12315.3
11878	12319.8
11883.6	12324.4
11889.1	12328.9
11894.7	12333.4
11900.2	12337.9
11905.7	12342.4
11911.3	12346.9
11916.8	12351.4
11922.3	12355.9
11927.9	12360.5
11933.4	12365
11938.9	12369.5
11944.4	12374
11949.9	12378.5
11955.4	12382.9
11960.9	12387.4
11966.4	12391.9
11971.9	12396.4
11977.4	12400.9
11982.9	12405.4
11988.3	12409.9
11993.8	12414.4
11999.3	12418.8
12004.7	12423.3
12010.2	12427.8
12015.7	12432.3
12021.1	12436.7
12026.6	12441.2
12032	12445.7
12037.5	12450.1
12042.9	12454.6
12048.3	12459.1
12053.8	12463.5
12059.2	12468
12064.6	12472.4
12070	12476.9
12075.4	12481.3
12080.8	12485.8
12086.2	12490.2
12091.6	12494.7
12097	12499.1
12102.4	12503.6
12107.8	12508
12113.2	12512.4
12118.6	12516.9
12124	12521.3
12129.3	12525.7
12134.7	12530.2
12140.1	12534.6
12145.4	12539
12150.8	12543.4
12156.1	12547.9
12161.5	12552.3
12166.8	12556.7
12172.2	12561.1
12177.5	12565.5
12182.8	12569.9
12188.2	12574.3
12193.5	12578.8
12198.8	12583.2
12204.1	12587.6
12209.4	12592
12214.7	12596.4
12220	12600.8
12225.3	12605.1
12230.6	12609.5
12235.9	12613.9
12241.2	12618.3
12246.5	12622.7
12251.8	12627.1
12257	12631.5
12262.3	12635.8
12267.6	12640.2
12272.8	12644.6
12278.1	12649
12283.4	12653.3
12288.6	12657.7
12293.9	12662.1
12299.1	12666.4
12304.3	12670.8
12309.6	12675.2
12314.8	12679.5
12320	12683.9
12325.2	12688.2
12330.5	12692.6
12335.7	12696.9
12340.9	12701.3
12346.1	12705.6
12351.3	12710
12356.5	12714.3
12361.7	12718.7
12366.9	12723
12372.1	12727.3
12377.3	12731.7
12382.4	12736
12387.6	12740.3
12392.8	12744.6
12398	12749
12403.1	12753.3
12408.3	12757.6
12413.4	12761.9
12418.6	12766.3
12423.7	12770.6
12428.9	12774.9
12434	12779.2
12439.1	12783.5
12444.3	12787.8
12449.4	12792.1
12454.5	12796.4
12459.6	12800.7
12464.8	12805
12469.9	12809.3
12475	12813.6
12480.1	12817.9
12485.2	12822.2
12490.3	12826.5
12495.4	12830.7
12500.5	12835
12505.5	12839.3
12510.6	12843.6
12515.7	12847.9
12520.8	12852.1
12525.8	12856.4
12530.9	12860.7
12536	12864.9
12541	12869.2
12546.1	12873.5
12551.1	12877.7
12556.2	12882
12561.2	12886.2
12566.3	12890.5
12571.3	12894.7
12576.3	12899
12581.3	12903.2
12586.4	12907.5
12591.4	12911.7
12596.4	12916
12601.4	12920.2
12606.4	12924.5
12611.4	12928.7
12616.4	12932.9
12621.4	12937.1
12626.4	12941.4
12631.4	12945.6
12636.4	12949.8
12641.4	12954
12646.3	12958.3
12651.3	12962.5
12656.3	12966.7
12661.2	12970.9
12666.2	12975.1
12671.1	12979.3
12676.1	12983.5
12681	12987.7
12686	12991.9
12690.9	12996.1
12695.9	13000.3
12700.8	13004.5
12705.7	13008.7
12710.7	13012.9
12715.6	13017.1
12720.5	13021.3
12725.4	13025.5
12730.3	13029.7
12735.2	13033.8
12740.1	13038
12745	13042.2
12749.9	13046.4
12754.8	13050.5
12759.7	13054.7
12764.6	13058.9
12769.5	13063
12774.3	13067.2
12779.2	13071.4
12784.1	13075.5
12788.9	13079.7
12793.8	13083.8
12798.7	13088
12803.5	13092.1
12808.4	13096.3
12813.2	13100.4
12818	13104.6
12822.9	13108.7
12827.7	13112.8
12832.5	13117
12837.4	13121.1
12842.2	13125.2
12847	13129.4
12851.8	13133.5
12856.6	13137.6
12861.4	13141.7
12866.2	13145.9
12871	13150
12875.8	13154.1
12880.6	13158.2
12885.4	13162.3
12890.2	13166.4
12895	13170.5
12899.8	13174.6
12904.5	13178.7
12909.3	13182.8
12914.1	13186.9
12918.8	13191
12923.6	13195.1
12928.3	13199.2
12933.1	13203.3
12937.8	13207.4
12942.6	13211.5
12947.3	13215.6
12952.1	13219.6
12956.8	13223.7
12961.5	13227.8
12966.2	13231.9
12971	13235.9
12975.7	13240
12980.4	13244.1
12985.1	13248.1
12989.8	13252.2
12994.5	13256.3
12999.2	13260.3
13003.9	13264.4
13008.6	13268.4
13013.3	13272.5
13018	13276.5
13022.6	13280.6
13027.3	13284.6
13032	13288.7
13036.7	13292.7
13041.3	13296.7
13046	13300.8
13050.7	13304.8
13055.3	13308.8
13060	13312.9
13064.6	13316.9
13069.2	13320.9
13073.9	13324.9
13078.5	13329
13083.2	13333
13087.8	13337
13092.4	13341
13097	13345
13101.6	13349
13106.3	13353
13110.9	13357
13115.5	13361
13120.1	13365
13124.7	13369
13129.3	13373
13133.9	13377
13138.4	13381
13143	13385
13147.6	13389
13152.2	13392.9
13156.8	13396.9
13161.3	13400.9
13165.9	13404.9
13170.5	13408.8
13175	13412.8
13179.6	13416.8
13184.1	13420.8
13188.7	13424.7
13193.2	13428.7
13197.8	13432.6
13202.3	13436.6
13206.8	13440.6
13211.4	13444.5
13215.9	13448.5
13220.4	13452.4
13224.9	13456.3
13229.4	13460.3
13233.9	13464.2
13238.5	13468.2
13243	13472.1
13247.5	13476
13252	13480
13256.4	13483.9
13260.9	13487.8
13265.4	13491.8
13269.9	13495.7
13274.4	13499.6
13278.9	13503.5
13283.3	13507.4
13287.8	13511.3
13292.3	13515.3
13296.7	13519.2
13301.2	13523.1
13305.6	13527
13310.1	13530.9
13314.5	13534.8
13319	13538.7
13323.4	13542.6
13327.9	13546.5
13332.3	13550.4
13336.7	13554.2
13341.1	13558.1
13345.6	13562
13350	13565.9
13354.4	13569.8
13358.8	13573.7
13363.2	13577.5
13367.6	13581.4
13372	13585.3
13376.4	13589.1
13380.8	13593
13385.2	13596.9
13389.6	13600.7
13394	13604.6
13398.3	13608.4
13402.7	13612.3
13407.1	13616.1
13411.5	13620
13415.8	13623.8
13420.2	13627.7
13424.5	13631.5
13428.9	13635.4
13433.2	13639.2
13437.6	13643
13441.9	13646.9
13446.3	13650.7
13450.6	13654.5
13454.9	13658.4
13459.3	13662.2
13463.6	13666
13467.9	13669.8
13472.2	13673.6
13476.6	13677.4
13480.9	13681.3
13485.2	13685.1
13489.5	13688.9
13493.8	13692.7
13498.1	13696.5
13502.4	13700.3
13506.7	13704.1
13511	13707.9
13515.2	13711.7
13519.5	13715.5
13523.8	13719.2
13528.1	13723
13532.3	13726.8
13536.6	13730.6
13540.9	13734.4
13545.1	13738.2
13549.4	13741.9
13553.6	13745.7
13557.9	13749.5
13562.1	13753.2
13566.4	13757
13570.6	13760.8
13574.8	13764.5
13579.1	13768.3
13583.3	13772
13587.5	13775.8
13591.8	13779.5
13596	13783.3
13600.2	13787
13604.4	13790.8
13608.6	13794.5
13612.8	13798.3
13617	13802
13621.2	13805.7
13625.4	13809.5
13629.6	13813.2
13633.8	13816.9
13638	13820.6
13642.1	13824.4
13646.3	13828.1
13650.5	13831.8
13654.7	13835.5
13658.8	13839.2
13663	13842.9
13667.2	13846.7
13671.3	13850.4
13675.5	13854.1
13679.6	13857.8
13683.8	13861.5
13687.9	13865.2
13692	13868.9
13696.2	13872.6
13700.3	13876.2
13704.4	13879.9
13708.6	13883.6
13712.7	13887.3
13716.8	13891
13720.9	13894.7
13725	13898.3
13729.1	13902
13733.2	13905.7
13737.4	13909.3
13741.5	13913
13745.5	13916.7
13749.6	13920.3
13753.7	13924
13757.8	13927.7
13761.9	13931.3
13766	13935
13770	13938.6
13774.1	13942.3
13778.2	13945.9
13782.3	13949.5
13786.3	13953.2
13790.4	13956.8
13794.4	13960.5
13798.5	13964.1
13802.5	13967.7
13806.6	13971.4
13810.6	13975
13814.6	13978.6
13818.7	13982.2
13822.7	13985.8
13826.7	13989.5
13830.8	13993.1
13834.8	13996.7
13838.8	14000.3
13842.8	14003.9
13846.8	14007.5
13850.8	14011.1
13854.8	14014.7
13858.8	14018.3
13862.8	14021.9
13866.8	14025.5
13870.8	14029.1
13874.8	14032.7
13878.8	14036.3
13882.8	14039.9
13886.8	14043.4
13890.7	14047
13894.7	14050.6
13898.7	14054.2
13902.6	14057.7
13906.6	14061.3
13910.6	14064.9
13914.5	14068.4
13918.5	14072
13922.4	14075.6
