98.4175	106.496
98.1675	106.266
97.9179	106.036
97.6686	105.807
97.4197	105.578
97.1711	105.349
96.9228	105.121
96.6749	104.893
96.4274	104.666
96.1801	104.438
95.9333	104.212
95.6867	103.985
95.4405	103.759
95.1947	103.533
94.9491	103.308
94.704	103.083
94.4592	102.859
94.2147	102.634
93.9706	102.411
93.7268	102.187
93.4833	101.964
93.2402	101.741
92.9975	101.519
92.7551	101.297
92.513	101.075
92.2714	100.854
92.03	100.633
91.789	100.413
91.5483	100.192
91.308	99.9726
91.0681	99.7532
90.8285	99.5341
90.5892	99.3155
90.3503	99.0971
90.1117	98.8792
89.8735	98.6617
89.6357	98.4445
89.3982	98.2277
89.161	98.0112
88.9242	97.7952
88.6878	97.5795
88.4516	97.3641
88.2159	97.1492
87.9805	96.9346
87.7455	96.7204
87.5108	96.5066
87.2764	96.2932
87.0425	96.0801
86.8088	95.8674
86.5756	95.655
86.3427	95.4431
86.1101	95.2315
85.8779	95.0203
85.646	94.8095
85.4145	94.599
85.1834	94.3889
84.9526	94.1792
84.7222	93.9699
84.4921	93.7609
84.2624	93.5524
84.0331	93.3442
83.804	93.1363
83.5754	92.9289
83.3471	92.7218
83.1192	92.5151
82.8916	92.3088
82.6644	92.1029
82.4376	91.8973
82.2111	91.6921
81.985	91.4873
81.7592	91.2829
81.5338	91.0788
81.3088	90.8751
81.0841	90.6718
80.8598	90.4689
80.6358	90.2664
80.4122	90.0642
80.1889	89.8624
79.9661	89.661
79.7436	89.46
79.5214	89.2593
79.2996	89.059
79.0782	88.8591
78.8571	88.6596
78.6364	88.4605
78.4161	88.2617
78.1961	88.0633
77.9765	87.8654
77.7573	87.6677
77.5384	87.4705
77.3199	87.2736
77.1017	87.0771
76.8839	86.8811
76.6665	86.6853
76.4495	86.49
76.2328	86.295
76.0164	86.1004
75.8005	85.9063
75.5849	85.7124
75.3697	85.519
75.1548	85.3259
74.9403	85.1332
74.7262	84.941
74.5125	84.749
74.2991	84.5575
74.0861	84.3664
73.8734	84.1756
73.6612	83.9852
73.4492	83.7952
73.2377	83.6056
73.0266	83.4163
72.8157	83.2275
72.6053	83.039
72.3953	82.8509
72.1856	82.6632
71.9763	82.4759
71.7673	82.2889
71.5587	82.1023
71.3505	81.9162
71.1427	81.7304
70.9352	81.5449
70.7281	81.3599
70.5214	81.1753
70.3151	80.991
70.1091	80.8071
69.9035	80.6236
69.6983	80.4405
69.4935	80.2577
69.289	80.0754
69.0849	79.8934
68.8811	79.7118
68.6778	79.5306
68.4748	79.3498
68.2722	79.1694
68.07	78.9893
67.8681	78.8096
67.6666	78.6304
67.4655	78.4515
67.2648	78.273
67.0644	78.0948
66.8645	77.9171
66.6648	77.7397
66.4656	77.5628
66.2668	77.3862
66.0683	77.21
65.8702	77.0341
65.6725	76.8587
65.4752	76.6837
65.2782	76.509
65.0816	76.3347
64.8854	76.1608
64.6896	75.9873
64.4941	75.8142
64.2991	75.6414
64.1044	75.4691
63.9101	75.2971
63.7161	75.1255
63.5226	74.9544
63.3294	74.7835
63.1366	74.6131
62.9442	74.4431
62.7522	74.2734
62.5606	74.1042
62.3693	73.9353
62.1784	73.7668
61.9879	73.5987
61.7978	73.431
61.608	73.2637
61.4187	73.0967
61.2297	72.9302
61.0411	72.764
60.8529	72.5982
60.6651	72.4329
60.4776	72.2678
60.2905	72.1032
60.1039	71.939
59.9175	71.7752
59.7317	71.6117
59.5461	71.4486
59.361	71.286
59.1762	71.1237
58.9918	70.9618
58.8079	70.8003
58.6242	70.6391
58.441	70.4784
58.2582	70.3181
58.0757	70.1581
57.8937	69.9986
57.712	69.8394
57.5307	69.6806
57.3498	69.5222
57.1693	69.3642
56.9892	69.2066
56.8094	69.0493
56.6301	68.8925
56.4511	68.736
56.2725	68.58
56.0943	68.4243
55.9165	68.269
55.7391	68.1142
55.5621	67.9596
55.3854	67.8056
55.2092	67.6518
55.0333	67.4985
54.8579	67.3456
54.6828	67.193
54.5081	67.0409
54.3338	66.8891
54.1599	66.7377
53.9863	66.5868
53.8132	66.4362
53.6405	66.286
53.4681	66.1362
53.2961	65.9868
53.1246	65.8378
52.9534	65.6891
52.7826	65.5409
52.6122	65.3931
52.4422	65.2456
52.2726	65.0986
52.1034	64.9519
51.9346	64.8057
51.7661	64.6598
51.5981	64.5143
51.4304	64.3692
51.2632	64.2245
51.0963	64.0803
50.9298	63.9363
50.7638	63.7928
50.5981	63.6497
50.4328	63.507
50.2679	63.3647
50.1034	63.2228
49.9393	63.0812
49.7756	62.9401
49.6123	62.7994
49.4494	62.659
49.2868	62.5191
49.1247	62.3795
48.963	62.2404
48.8016	62.1016
48.6407	61.9633
48.4802	61.8253
48.32	61.6878
48.1603	61.5506
48.0009	61.4138
47.8419	61.2775
47.6834	61.1415
47.5252	61.0059
47.3674	60.8708
47.2101	60.736
47.0531	60.6016
46.8965	60.4676
46.7403	60.3341
46.5846	60.2009
46.4292	60.0681
46.2742	59.9358
46.1196	59.8038
45.9654	59.6722
45.8116	59.541
45.6583	59.4103
45.5053	59.2799
45.3527	59.1499
45.2005	59.0204
45.0487	58.8912
44.8973	58.7625
44.7463	58.6341
44.5957	58.5061
44.4455	58.3786
44.2958	58.2515
44.1464	58.1247
43.9974	57.9984
43.8488	57.8725
43.7006	57.7469
43.5528	57.6218
43.4054	57.4971
43.2584	57.3728
43.1119	57.2489
42.9657	57.1254
42.8199	57.0023
42.6745	56.8796
42.5296	56.7574
42.385	56.6355
42.2408	56.514
42.097	56.393
41.9537	56.2723
41.8107	56.1521
41.6681	56.0323
41.526	55.9129
41.3842	55.7939
41.2429	55.6753
41.1019	55.5571
40.9614	55.4394
40.8212	55.322
40.6815	55.2051
40.5421	55.0885
40.4032	54.9724
40.2647	54.8567
40.1266	54.7414
39.9888	54.6265
39.8515	54.5121
39.7146	54.398
39.5781	54.2844
39.442	54.1712
39.3063	54.0584
39.171	53.946
39.0361	53.834
38.9016	53.7225
38.7675	53.6113
38.6338	53.5006
38.5006	53.3903
38.3677	53.2804
38.2352	53.171
38.1032	53.062
37.9715	52.9533
37.8403	52.8451
37.7094	52.7374
37.579	52.63
37.449	52.5231
37.3193	52.4166
37.1901	52.3105
37.0613	52.2048
36.9329	52.0996
36.8049	51.9948
36.6773	51.8904
36.5501	51.7864
36.4233	51.6829
36.2969	51.5797
36.1709	51.4771
36.0453	51.3748
35.9202	51.273
35.7954	51.1716
35.671	51.0706
35.5471	50.9701
35.4235	50.87
35.3004	50.7703
35.1777	50.671
35.0553	50.5722
34.9334	50.4738
34.8119	50.3759
34.6908	50.2784
34.5701	50.1813
34.4498	50.0847
34.3299	49.9885
34.2104	49.8927
34.0913	49.7973
33.9727	49.7024
33.8544	49.608
33.7365	49.514
33.6191	49.4204
33.502	49.3272
33.3854	49.2345
33.2691	49.1423
33.1533	49.0505
33.0378	48.9591
32.9228	48.8681
32.8082	48.7777
32.694	48.6876
32.5802	48.598
32.4668	48.5089
32.3538	48.4202
32.2412	48.3319
32.129	48.2441
32.0172	48.1568
31.9058	48.0698
31.7948	47.9834
31.6843	47.8974
31.5741	47.8118
31.4643	47.7267
31.355	47.6421
31.246	47.5579
31.1375	47.4741
31.0293	47.3909
30.9216	47.308
30.8143	47.2257
30.7073	47.1438
30.6008	47.0623
30.4947	46.9813
30.3889	46.9008
30.2836	46.8207
30.1787	46.7411
30.0742	46.662
29.9701	46.5833
29.8664	46.5051
29.763	46.4273
29.6601	46.35
29.5576	46.2732
29.4555	46.1969
29.3538	46.121
29.2525	46.0456
29.1516	45.9707
29.0511	45.8962
28.951	45.8222
28.8514	45.7487
28.7521	45.6757
28.6532	45.6031
28.5547	45.531
28.4566	45.4594
28.3589	45.3883
28.2616	45.3176
28.1647	45.2474
28.0682	45.1778
27.9721	45.1086
27.8764	45.0398
27.7811	44.9716
27.6862	44.9038
27.5917	44.8366
27.4976	44.7698
27.4039	44.7035
27.3106	44.6377
27.2177	44.5724
27.1252	44.5076
27.033	44.4433
26.9413	44.3795
26.85	44.3161
26.759	44.2533
26.6685	44.191
26.5784	44.1291
26.4886	44.0678
26.3993	44.0069
26.3103	43.9466
26.2217	43.8868
26.1335	43.8274
26.0458	43.7686
25.9584	43.7103
25.8714	43.6525
25.7848	43.5952
25.6986	43.5384
25.6128	43.4822
25.5273	43.4264
25.4423	43.3711
25.3576	43.3164
25.2734	43.2622
25.1895	43.2085
25.106	43.1553
25.0229	43.1027
24.9402	43.0505
24.8579	42.9989
24.776	42.9478
24.6944	42.8973
24.6133	42.8472
24.5325	42.7977
24.4521	42.7488
24.3721	42.7003
24.2925	42.6524
24.2133	42.605
24.1344	42.5582
24.056	42.5119
23.9779	42.4661
23.9002	42.4209
23.8229	42.3762
23.746	42.332
23.6694	42.2884
23.5932	42.2454
23.5175	42.2029
23.4421	42.1609
23.367	42.1195
23.2924	42.0786
23.2181	42.0383
23.1442	41.9986
23.0707	41.9594
22.9976	41.9207
22.9248	41.8827
22.8524	41.8451
22.7804	41.8082
22.7088	41.7718
22.6375	41.736
22.5666	41.7007
22.4961	41.666
22.4259	41.6319
22.3562	41.5983
22.2868	41.5653
22.2177	41.5329
22.1491	41.5011
22.0808	41.4698
22.0129	41.4392
21.9453	41.4091
21.8781	41.3796
21.8113	41.3507
21.7449	41.3223
21.6788	41.2946
21.6131	41.2674
21.5477	41.2408
21.4827	41.2149
21.4181	41.1895
21.3538	41.1647
21.2899	41.1405
21.2264	41.117
21.1632	41.094
21.1004	41.0716
21.0379	41.0498
20.9758	41.0287
20.9141	41.0081
20.8527	40.9882
20.7917	40.9689
20.731	40.9502
20.6707	40.9321
20.6107	40.9146
20.5511	40.8978
20.4919	40.8815
20.433	40.8659
20.3744	40.8509
20.3162	40.8366
20.2584	40.8229
20.2009	40.8098
20.1437	40.7974
20.0869	40.7855
20.0304	40.7744
19.9743	40.7638
19.9186	40.754
19.8632	40.7447
19.8081	40.7361
19.7533	40.7282
19.699	40.7209
19.6449	40.7142
19.5912	40.7083
19.5378	40.7029
19.4848	40.6983
19.4321	40.6943
19.3798	40.6909
19.3278	40.6883
19.2761	40.6862
19.2248	40.6849
19.1737	40.6843
19.1231	40.6843
19.0727	40.685
19.0227	40.6863
18.973	40.6884
18.9237	40.6911
18.8747	40.6945
18.826	40.6987
18.7776	40.7035
18.7296	40.7089
18.6819	40.7151
18.6345	40.722
18.5874	40.7296
18.5407	40.7379
18.4943	40.7469
18.4482	40.7566
18.4024	40.767
18.3569	40.7781
18.3118	40.79
18.267	40.8025
18.2225	40.8158
18.1783	40.8298
18.1344	40.8445
18.0908	40.86
18.0476	40.8761
18.0047	40.8931
17.962	40.9107
17.9197	40.9291
17.8777	40.9482
17.836	40.968
17.7946	40.9887
17.7535	41.01
17.7127	41.0321
17.6723	41.055
17.6321	41.0786
17.5922	41.1029
17.5526	41.128
17.5134	41.1539
17.4744	41.1806
17.4357	41.208
17.3973	41.2362
17.3592	41.2651
17.3214	41.2949
17.284	41.3254
17.2467	41.3567
17.2098	41.3888
17.1732	41.4216
17.1369	41.4553
17.1008	41.4897
17.0651	41.5249
17.0296	41.561
16.9944	41.5978
16.9595	41.6354
16.9249	41.6739
16.8905	41.7131
16.8565	41.7532
16.8227	41.7941
16.7892	41.8357
16.756	41.8783
16.723	41.9216
16.6904	41.9658
16.658	42.0107
16.6258	42.0565
16.594	42.1032
16.5624	42.1507
16.5311	42.199
16.5	42.2482
16.4693	42.2982
16.4387	42.349
16.4085	42.4008
16.3785	42.4533
16.3488	42.5067
16.3193	42.561
16.2901	42.6162
16.2612	42.6722
16.2325	42.7291
16.2041	42.7868
16.1759	42.8454
16.148	42.9049
16.1203	42.9653
16.0929	43.0266
16.0657	43.0887
16.0388	43.1518
16.0122	43.2157
15.9857	43.2806
15.9596	43.3463
15.9336	43.4129
15.908	43.4805
15.8825	43.5489
15.8573	43.6183
15.8324	43.6886
15.8076	43.7598
15.7832	43.8319
15.7589	43.9049
15.7349	43.9789
15.7111	44.0538
15.6876	44.1296
15.6643	44.2064
15.6412	44.2841
15.6183	44.3627
15.5957	44.4423
15.5733	44.5229
15.5511	44.6044
15.5291	44.6868
15.5074	44.7703
15.4859	44.8546
15.4646	44.94
15.4435	45.0263
15.4227	45.1136
15.4021	45.2018
15.3816	45.291
15.3614	45.3813
15.3414	45.4725
15.3216	45.5647
15.302	45.6578
15.2827	45.752
15.2635	45.8472
15.2446	45.9433
15.2258	46.0405
15.2073	46.1387
15.1889	46.2379
15.1708	46.3381
15.1528	46.4393
15.1351	46.5416
15.1175	46.6448
15.1002	46.7491
15.083	46.8545
15.066	46.9608
15.0493	47.0682
15.0327	47.1766
15.0163	47.2861
15	47.3966
14.984	47.5082
14.9682	47.6209
14.9525	47.7345
14.937	47.8493
14.9218	47.9651
14.9066	48.082
14.8917	48.1999
14.8769	48.3189
14.8624	48.439
14.8479	48.5602
14.8337	48.6825
14.8196	48.8058
14.8057	48.9302
14.792	49.0557
14.7785	49.1824
14.7651	49.3101
14.7518	49.4389
14.7388	49.5688
14.7259	49.6999
14.7131	49.832
14.7005	49.9653
14.6881	50.0997
14.6758	50.2352
14.6637	50.3718
14.6518	50.5096
14.64	50.6485
14.6283	50.7885
14.6168	50.9297
14.6054	51.072
14.5942	51.2154
14.5832	51.36
14.5723	51.5058
14.5615	51.6527
14.5508	51.8007
14.5403	51.9499
14.53	52.1003
14.5198	52.2519
14.5097	52.4046
14.4997	52.5585
14.4899	52.7136
14.4803	52.8698
14.4707	53.0272
14.4613	53.1859
14.452	53.3457
14.4428	53.5067
14.4338	53.6689
14.4249	53.8323
14.4161	53.9969
14.4074	54.1626
14.3988	54.3297
14.3904	54.4979
14.3821	54.6673
14.3739	54.8379
14.3658	55.0098
14.3578	55.1829
14.35	55.3572
14.3422	55.5327
14.3346	55.7095
14.327	55.8875
14.3196	56.0668
14.3123	56.2472
14.3051	56.4289
14.298	56.6119
14.2909	56.7961
14.284	56.9816
14.2772	57.1683
14.2705	57.3563
14.2639	57.5455
14.2573	57.736
14.2509	57.9278
14.2445	58.1208
14.2383	58.3151
14.2321	58.5106
14.226	58.7075
14.22	58.9056
14.2141	59.105
14.2083	59.3057
14.2025	59.5077
14.1969	59.7109
14.1913	59.9155
14.1858	60.1213
14.1803	60.3285
14.175	60.5369
14.1697	60.7466
14.1645	60.9576
14.1593	61.17
14.1543	61.3836
14.1493	61.5986
14.1443	61.8149
14.1395	62.0324
14.1346	62.2513
14.1299	62.4715
14.1252	62.6931
14.1206	62.9159
14.116	63.1401
14.1115	63.3656
14.1071	63.5925
14.1027	63.8206
14.0984	64.0501
14.0941	64.281
14.0898	64.5131
14.0856	64.7466
14.0815	64.9815
14.0774	65.2177
14.0734	65.4552
14.0694	65.6941
14.0654	65.9343
14.0615	66.1759
14.0576	66.4188
14.0538	66.6631
14.05	66.9087
14.0462	67.1557
14.0425	67.404
14.0388	67.6537
14.0352	67.9048
14.0315	68.1572
14.028	68.411
14.0244	68.6661
14.0209	68.9226
14.0173	69.1805
14.0139	69.4397
14.0104	69.7003
14.007	69.9623
14.0035	70.2257
14.0001	70.4904
13.9968	70.7565
13.9934	71.0239
13.9901	71.2928
13.9867	71.563
13.9834	71.8345
13.9801	72.1075
13.9768	72.3818
13.9736	72.6576
13.9703	72.9347
13.967	73.2131
13.9638	73.493
13.9605	73.7742
13.9573	74.0568
13.954	74.3408
13.9508	74.6261
13.9476	74.9129
13.9443	75.201
13.9411	75.4905
13.9378	75.7814
13.9346	76.0737
13.9314	76.3673
13.9281	76.6624
13.9248	76.9588
13.9216	77.2566
13.9183	77.5557
13.915	77.8563
13.9117	78.1582
13.9083	78.4615
13.905	78.7662
13.9017	79.0723
13.8983	79.3797
13.8949	79.6885
13.8915	79.9987
13.8881	80.3103
13.8846	80.6232
13.8812	80.9375
13.8777	81.2532
13.8742	81.5703
13.8706	81.8887
13.8671	82.2085
13.8635	82.5297
13.8599	82.8522
13.8562	83.1762
13.8525	83.5014
13.8488	83.8281
13.8451	84.156
13.8413	84.4854
13.8375	84.8161
13.8336	85.1482
13.8297	85.4816
13.8258	85.8164
13.8218	86.1525
13.8178	86.49
13.8138	86.8288
13.8097	87.169
13.8055	87.5105
13.8014	87.8533
13.7971	88.1975
13.7929	88.543
13.7885	88.8899
13.7842	89.2381
13.7798	89.5876
13.7753	89.9384
13.7708	90.2906
13.7662	90.6441
13.7616	90.9989
13.7569	91.355
13.7522	91.7125
13.7474	92.0712
13.7426	92.4313
13.7377	92.7926
13.7327	93.1553
13.7277	93.5192
13.7226	93.8845
13.7175	94.251
13.7123	94.6188
13.7071	94.9879
13.7017	95.3583
13.6963	95.73
13.6909	96.1029
13.6854	96.4771
13.6798	96.8525
13.6741	97.2293
13.6684	97.6072
13.6626	97.9864
13.6568	98.3669
13.6508	98.7486
13.6448	99.1316
13.6388	99.5157
13.6326	99.9012
13.6264	100.288
13.6201	100.676
13.6137	101.065
13.6073	101.455
13.6008	101.846
13.5941	102.239
13.5875	102.633
13.5807	103.028
13.5739	103.424
13.567	103.822
13.56	104.22
13.5529	104.62
13.5457	105.021
13.5385	105.423
13.5311	105.826
13.5237	106.231
13.5162	106.636
13.5086	107.043
13.501	107.451
13.4932	107.86
13.4854	108.27
13.4774	108.681
13.4694	109.093
13.4613	109.507
13.4531	109.921
13.4448	110.337
13.4364	110.753
13.428	111.171
13.4194	111.59
13.4108	112.009
13.402	112.43
13.3932	112.852
13.3842	113.275
13.3752	113.699
13.3661	114.124
13.3569	114.55
13.3476	114.977
13.3381	115.405
13.3286	115.834
13.319	116.264
13.3093	116.695
13.2995	117.127
13.2896	117.56
13.2797	117.994
13.2696	118.428
13.2594	118.864
13.2491	119.301
13.2387	119.739
13.2282	120.177
13.2176	120.616
13.2069	121.057
13.1961	121.498
13.1852	121.94
13.1742	122.383
13.1631	122.827
13.1519	123.272
13.1406	123.717
13.1292	124.164
13.1177	124.611
13.1061	125.059
13.0944	125.508
13.0826	125.957
13.0706	126.408
13.0586	126.859
13.0465	127.311
13.0342	127.764
13.0219	128.218
13.0094	128.672
12.9969	129.127
12.9842	129.583
12.9715	130.039
12.9586	130.496
12.9456	130.954
12.9326	131.413
12.9194	131.872
12.9061	132.332
12.8927	132.793
12.8792	133.254
12.8656	133.716
12.8519	134.179
12.838	134.642
12.8241	135.106
12.8101	135.57
12.7959	136.035
12.7817	136.501
12.7673	136.967
12.7529	137.434
12.7383	137.901
12.7236	138.369
12.7089	138.837
12.694	139.306
12.679	139.775
12.6639	140.245
12.6487	140.716
12.6334	141.187
12.618	141.658
12.6025	142.13
12.5868	142.602
12.5711	143.075
12.5553	143.548
12.5393	144.021
12.5233	144.495
12.5071	144.97
12.4909	145.444
12.4745	145.919
12.4581	146.395
12.4415	146.871
12.4248	147.347
12.408	147.823
12.3912	148.3
12.3742	148.777
12.3571	149.254
12.3399	149.732
12.3226	150.21
12.3052	150.688
12.2877	151.167
12.2702	151.645
12.2525	152.124
12.2347	152.603
12.2168	153.083
12.1988	153.562
12.1807	154.042
12.1625	154.522
12.1442	155.002
12.1258	155.482
12.1073	155.962
12.0887	156.443
12.07	156.923
12.0512	157.404
12.0323	157.885
12.0133	158.366
11.9943	158.847
11.9751	159.328
11.9558	159.809
11.9364	160.29
11.917	160.771
11.8974	161.252
11.8778	161.733
11.858	162.214
11.8382	162.695
11.8183	163.176
11.7982	163.657
11.7781	164.138
11.7579	164.619
11.7376	165.099
11.7172	165.58
11.6968	166.061
11.6762	166.541
11.6556	167.021
11.6348	167.502
11.614	167.982
11.5931	168.462
11.5721	168.941
11.551	169.421
11.5298	169.9
11.5086	170.379
11.4872	170.858
11.4658	171.337
11.4443	171.815
11.4227	172.293
11.401	172.771
11.3793	173.249
11.3574	173.726
11.3355	174.203
11.3135	174.68
11.2914	175.157
11.2693	175.633
11.2471	176.109
11.2247	176.584
11.2024	177.059
11.1799	177.534
11.1574	178.008
11.1348	178.482
11.1121	178.956
11.0893	179.429
11.0665	179.901
11.0436	180.374
11.0206	180.845
10.9976	181.317
10.9745	181.788
10.9513	182.258
10.928	182.728
10.9047	183.197
10.8813	183.666
10.8579	184.134
10.8343	184.602
10.8108	185.07
10.7871	185.536
10.7634	186.002
10.7396	186.468
10.7158	186.933
10.6919	187.398
10.6679	187.861
10.6439	188.325
10.6198	188.787
10.5957	189.249
10.5715	189.71
10.5472	190.171
10.5229	190.631
10.4986	191.09
10.4742	191.549
10.4497	192.007
10.4252	192.464
10.4006	192.921
10.3759	193.377
10.3513	193.832
10.3265	194.286
10.3017	194.74
10.2769	195.192
10.252	195.645
10.2271	196.096
10.2021	196.546
10.1771	196.996
10.152	197.445
10.1269	197.893
10.1018	198.341
10.0766	198.787
10.0513	199.233
10.0261	199.677
10.0007	200.121
9.97538	200.565
9.94998	201.007
9.92454	201.448
9.89907	201.889
9.87356	202.328
9.84801	202.767
9.82243	203.205
9.79681	203.641
9.77116	204.077
9.74547	204.512
9.71976	204.946
9.69401	205.379
9.66823	205.812
9.64242	206.243
9.61659	206.673
9.59072	207.102
9.56483	207.53
9.53891	207.958
9.51297	208.384
9.48699	208.809
9.461	209.233
9.43498	209.656
9.40894	210.079
9.38287	210.5
9.35679	210.92
9.33068	211.339
9.30456	211.757
9.27841	212.174
9.25225	212.59
9.22607	213.004
9.19987	213.418
9.17366	213.831
9.14743	214.242
9.12118	214.653
9.09493	215.062
9.06865	215.47
9.04237	215.877
9.01608	216.283
8.98977	216.688
8.96345	217.092
8.93713	217.495
8.91079	217.896
8.88445	218.296
8.8581	218.695
8.83174	219.093
8.80538	219.49
8.77901	219.886
8.75264	220.28
8.72626	220.674
8.69989	221.066
8.67351	221.457
8.64712	221.846
8.62074	222.235
8.59436	222.622
8.56798	223.008
8.54159	223.393
8.51521	223.777
8.48884	224.159
8.46246	224.541
8.43609	224.921
8.40972	225.299
8.38336	225.677
8.35701	226.053
8.33066	226.428
8.30432	226.802
8.27799	227.175
8.25167	227.546
8.22535	227.916
8.19905	228.285
8.17275	228.652
8.14647	229.019
8.1202	229.384
8.09394	229.747
8.06769	230.11
8.04146	230.471
8.01524	230.831
7.98904	231.19
7.96285	231.547
7.93668	231.903
7.91053	232.258
7.88439	232.611
7.85827	232.963
7.83218	233.314
7.80609	233.664
7.78004	234.012
7.75399	234.359
7.72797	234.705
7.70198	235.049
7.676	235.392
7.65005	235.734
7.62412	236.074
7.59821	236.413
7.57233	236.751
7.54648	237.087
7.52064	237.422
7.49484	237.756
7.46906	238.089
7.44331	238.42
7.41759	238.75
7.39189	239.078
7.36622	239.405
7.34059	239.731
7.31498	240.056
7.2894	240.379
7.26386	240.701
7.23834	241.021
7.21286	241.34
7.18741	241.658
7.16199	241.975
7.1366	242.29
7.11125	242.604
7.08593	242.916
7.06065	243.227
7.0354	243.537
7.01019	243.845
6.98501	244.153
6.95988	244.458
6.93477	244.763
6.90971	245.066
6.88468	245.368
6.85969	245.668
6.83474	245.967
6.80983	246.265
6.78496	246.562
6.76013	246.857
6.73533	247.151
6.71058	247.443
6.68587	247.734
6.66121	248.024
6.63658	248.312
6.612	248.599
6.58746	248.885
6.56296	249.17
6.53851	249.453
6.5141	249.735
6.48973	250.015
6.46541	250.294
6.44113	250.572
6.4169	250.848
6.39272	251.124
6.36858	251.398
6.34449	251.67
6.32044	251.941
6.29644	252.211
6.27249	252.48
6.24859	252.747
6.22473	253.013
6.20092	253.278
6.17717	253.541
6.15346	253.803
6.1298	254.064
6.10619	254.323
6.08262	254.581
6.05911	254.838
6.03565	255.093
6.01225	255.347
5.98889	255.6
5.96558	255.852
5.94233	256.102
5.91912	256.351
5.89597	256.599
5.87287	256.845
5.84983	257.091
5.82683	257.334
5.80389	257.577
5.781	257.818
5.75817	258.058
5.73539	258.297
5.71267	258.535
5.68999	258.771
5.66738	259.006
5.64482	259.24
5.62231	259.472
5.59986	259.703
5.57746	259.933
5.55512	260.162
5.53283	260.389
5.5106	260.615
5.48843	260.84
5.46632	261.064
5.44426	261.286
5.42225	261.508
5.40031	261.728
5.37842	261.946
5.35658	262.164
5.33481	262.38
5.31309	262.595
5.29143	262.809
5.26983	263.022
5.24828	263.233
5.2268	263.443
5.20537	263.652
5.184	263.86
5.16269	264.067
5.14144	264.272
5.12025	264.476
5.09911	264.679
5.07804	264.881
5.05702	265.082
5.03606	265.281
5.01517	265.48
4.99433	265.677
4.97355	265.873
4.95283	266.067
4.93217	266.261
4.91158	266.454
4.89104	266.645
4.87056	266.835
4.85014	267.024
4.82978	267.212
4.80948	267.398
4.78925	267.584
4.76907	267.768
4.74895	267.952
4.7289	268.134
4.7089	268.315
4.68897	268.495
4.6691	268.673
4.64928	268.851
4.62953	269.027
4.60984	269.203
4.59021	269.377
4.57064	269.55
4.55113	269.723
4.53169	269.894
4.5123	270.063
4.49298	270.232
4.47372	270.4
4.45451	270.567
4.43537	270.732
4.41629	270.897
4.39728	271.06
4.37832	271.223
4.35943	271.384
4.34059	271.544
4.32182	271.703
4.30311	271.862
4.28446	272.019
4.26587	272.175
4.24735	272.33
4.22888	272.484
4.21048	272.637
4.19213	272.789
4.17385	272.939
4.15563	273.089
4.13747	273.238
4.11938	273.386
4.10134	273.533
4.08337	273.679
4.06545	273.824
4.0476	273.967
4.02981	274.11
4.01208	274.252
3.99441	274.393
3.97681	274.533
3.95926	274.672
3.94178	274.81
3.92435	274.947
3.90699	275.083
3.88969	275.218
3.87244	275.352
3.85526	275.485
3.83814	275.617
3.82108	275.748
3.80408	275.878
3.78715	276.008
3.77027	276.136
3.75345	276.264
3.73669	276.39
3.72	276.516
3.70336	276.64
3.68679	276.764
3.67027	276.887
3.65382	277.009
3.63742	277.13
3.62108	277.25
3.60481	277.369
3.58859	277.488
3.57244	277.605
3.55634	277.722
3.5403	277.837
3.52432	277.952
3.50841	278.066
3.49255	278.179
3.47675	278.291
3.46101	278.403
3.44532	278.513
3.4297	278.623
3.41414	278.732
3.39863	278.84
3.38319	278.947
3.3678	279.053
3.35247	279.158
3.3372	279.263
3.32198	279.367
3.30683	279.469
3.29173	279.572
3.27669	279.673
3.26171	279.773
3.24679	279.873
3.23193	279.972
3.21712	280.07
3.20237	280.167
3.18767	280.264
3.17304	280.359
3.15846	280.454
3.14394	280.548
3.12947	280.641
3.11506	280.734
3.10071	280.826
3.08642	280.917
3.07218	281.007
3.05799	281.096
3.04387	281.185
3.0298	281.273
3.01578	281.36
3.00182	281.447
2.98792	281.532
2.97407	281.617
2.96028	281.702
2.94654	281.785
2.93286	281.868
2.91923	281.95
2.90566	282.031
2.89214	282.112
2.87868	282.192
2.86527	282.271
2.85192	282.349
2.83862	282.427
2.82538	282.504
2.81218	282.58
2.79905	282.656
2.78596	282.731
2.77293	282.805
2.75996	282.879
2.74703	282.952
2.73416	283.024
2.72134	283.096
2.70858	283.167
2.69587	283.237
2.68321	283.306
2.6706	283.375
2.65805	283.444
2.64554	283.511
2.63309	283.578
2.62069	283.644
2.60835	283.71
2.59605	283.775
2.58381	283.84
2.57162	283.903
2.55947	283.966
2.54738	284.029
2.53534	284.091
2.52336	284.152
2.51142	284.213
2.49953	284.273
2.48769	284.332
2.4759	284.391
2.46417	284.449
2.45248	284.507
2.44084	284.564
2.42925	284.62
2.41771	284.676
2.40623	284.731
2.39478	284.786
2.38339	284.84
2.37205	284.894
2.36076	284.947
2.34951	284.999
2.33831	285.051
2.32716	285.102
2.31606	285.153
2.30501	285.203
2.294	285.252
2.28305	285.301
2.27214	285.35
2.26127	285.397
2.25046	285.445
2.23969	285.492
2.22897	285.538
2.21829	285.584
2.20766	285.629
2.19708	285.673
2.18654	285.718
2.17605	285.761
2.16561	285.804
2.15521	285.847
2.14486	285.889
2.13455	285.931
2.12429	285.972
2.11407	286.012
2.1039	286.052
2.09377	286.092
2.08369	286.131
2.07365	286.169
2.06366	286.207
2.05371	286.245
2.0438	286.282
2.03394	286.318
2.02412	286.355
2.01435	286.39
2.00462	286.425
1.99493	286.46
1.98529	286.494
1.97569	286.528
1.96613	286.561
1.95662	286.594
1.94714	286.626
1.93771	286.658
1.92833	286.69
1.91898	286.721
1.90967	286.751
1.90041	286.781
1.89119	286.811
1.88201	286.84
1.87288	286.869
1.86378	286.897
1.85473	286.925
1.84571	286.953
1.83674	286.98
1.8278	287.006
1.81891	287.032
1.81006	287.058
1.80125	287.084
1.79247	287.108
1.78374	287.133
1.77505	287.157
1.7664	287.181
1.75778	287.204
1.74921	287.227
1.74067	287.249
1.73218	287.272
1.72372	287.293
1.7153	287.314
1.70692	287.335
1.69858	287.356
1.69028	287.376
1.68201	287.396
1.67378	287.415
1.66559	287.434
1.65744	287.453
1.64933	287.471
1.64125	287.489
1.63321	287.506
1.62521	287.523
1.61724	287.54
1.60931	287.556
1.60142	287.572
1.59356	287.588
1.58574	287.603
1.57796	287.618
1.57021	287.633
1.5625	287.647
1.55482	287.661
1.54718	287.674
1.53958	287.687
1.53201	287.7
1.52447	287.713
1.51698	287.725
1.50951	287.737
1.50208	287.748
1.49469	287.759
1.48733	287.77
1.48	287.781
1.47271	287.791
1.46545	287.801
1.45823	287.81
1.45104	287.819
1.44388	287.828
1.43676	287.837
1.42967	287.845
1.42261	287.853
1.41559	287.86
1.4086	287.868
1.40164	287.875
1.39472	287.881
1.38783	287.888
1.38097	287.894
1.37414	287.9
1.36734	287.905
1.36058	287.91
1.35385	287.915
1.34715	287.92
1.34048	287.924
1.33385	287.928
1.32724	287.932
1.32067	287.935
1.31413	287.938
1.30761	287.941
1.30113	287.944
1.29468	287.946
1.28826	287.948
1.28188	287.95
1.27552	287.951
1.26919	287.952
1.26289	287.953
1.25662	287.954
1.25038	287.955
1.24418	287.955
1.238	287.955
1.23185	287.954
1.22573	287.954
1.21963	287.953
1.21357	287.951
1.20754	287.95
1.20153	287.948
1.19556	287.946
1.18961	287.944
1.18369	287.942
1.1778	287.939
1.17194	287.936
1.16611	287.933
1.1603	287.93
1.15452	287.926
1.14877	287.922
1.14305	287.918
1.13735	287.914
1.13168	287.909
1.12604	287.904
1.12043	287.899
1.11484	287.894
1.10928	287.889
1.10375	287.883
1.09824	287.877
1.09276	287.871
1.08731	287.864
1.08188	287.858
1.07648	287.851
1.0711	287.844
1.06575	287.836
1.06043	287.829
1.05513	287.821
1.04986	287.813
1.04461	287.805
1.03939	287.797
1.0342	287.788
1.02903	287.779
1.02388	287.77
1.01876	287.761
1.01366	287.752
1.00859	287.742
1.00354	287.733
0.998522	287.723
0.993523	287.712
0.988549	287.702
0.9836	287.691
0.978674	287.681
0.973772	287.67
0.968894	287.659
0.96404	287.647
0.95921	287.636
0.954403	287.624
0.949619	287.612
0.944858	287.6
0.940122	287.588
0.935407	287.575
0.930716	287.563
0.926048	287.55
0.921402	287.537
0.916779	287.524
0.912179	287.51
0.907601	287.497
0.903045	287.483
0.898512	287.469
0.894001	287.455
0.889512	287.441
0.885045	287.426
0.8806	287.412
0.876176	287.397
0.871774	287.382
0.867394	287.367
0.863035	287.352
0.858698	287.337
0.854381	287.321
0.850086	287.305
0.845812	287.29
0.841559	287.273
0.837327	287.257
0.833115	287.241
0.828925	287.224
0.824754	287.208
0.820605	287.191
0.816475	287.174
0.812366	287.157
0.808277	287.14
0.804208	287.122
0.80016	287.105
0.796131	287.087
0.792122	287.069
0.788132	287.051
0.784163	287.033
0.780213	287.015
0.776282	286.996
0.772371	286.978
0.768479	286.959
0.764606	286.94
0.760752	286.921
0.756917	286.902
0.753102	286.883
0.749305	286.863
0.745526	286.844
0.741767	286.824
0.738026	286.804
0.734303	286.784
0.730599	286.764
0.726913	286.744
0.723246	286.724
0.719596	286.703
0.715965	286.683
0.712351	286.662
0.708756	286.641
0.705178	286.62
0.701617	286.599
0.698075	286.578
0.69455	286.557
0.691043	286.535
0.687553	286.514
0.68408	286.492
0.680624	286.47
0.677186	286.448
0.673764	286.426
0.67036	286.404
0.666972	286.382
0.663602	286.359
0.660248	286.337
0.65691	286.314
0.65359	286.291
0.650285	286.268
0.646997	286.246
0.643726	286.222
0.640471	286.199
0.637231	286.176
0.634008	286.153
0.630802	286.129
0.627611	286.105
0.624435	286.082
0.621276	286.058
0.618132	286.034
0.615004	286.01
0.611892	285.986
0.608795	285.962
0.605713	285.937
0.602647	285.913
0.599597	285.888
0.596561	285.864
0.59354	285.839
0.590535	285.814
0.587544	285.789
0.584569	285.764
0.581608	285.739
0.578662	285.714
0.575731	285.688
0.572814	285.663
0.569912	285.638
0.567024	285.612
0.564151	285.586
0.561292	285.561
0.558448	285.535
0.555618	285.509
0.552801	285.483
0.549999	285.457
0.547211	285.43
0.544437	285.404
0.541676	285.378
0.53893	285.351
0.536197	285.325
0.533478	285.298
0.530773	285.271
0.52808	285.244
0.525402	285.218
0.522737	285.191
0.520085	285.164
0.517447	285.136
0.514821	285.109
0.512209	285.082
0.50961	285.054
0.507024	285.027
0.504451	284.999
0.501891	284.972
0.499344	284.944
0.496809	284.916
0.494287	284.889
0.491778	284.861
0.489282	284.833
0.486797	284.805
0.484326	284.776
0.481866	284.748
0.479419	284.72
0.476985	284.692
0.474563	284.663
0.472152	284.635
0.469754	284.606
0.467368	284.577
0.464994	284.549
0.462632	284.52
0.460281	284.491
0.457943	284.462
0.455616	284.433
0.453301	284.404
0.450998	284.375
0.448706	284.346
0.446425	284.317
0.444157	284.287
0.441899	284.258
0.439653	284.229
0.437418	284.199
0.435195	284.169
0.432982	284.14
0.430781	284.11
0.428591	284.08
0.426412	284.051
0.424243	284.021
0.422086	283.991
0.41994	283.961
0.417804	283.931
0.415679	283.901
0.413565	283.87
0.411462	283.84
0.409369	283.81
0.407287	283.78
0.405215	283.749
0.403153	283.719
0.401102	283.688
0.399062	283.658
0.397031	283.627
0.395011	283.596
0.393001	283.566
0.391001	283.535
0.389011	283.504
0.387032	283.473
0.385062	283.442
0.383102	283.411
0.381152	283.38
0.379212	283.349
0.377282	283.318
0.375361	283.287
0.373451	283.256
0.371549	283.224
0.369658	283.193
0.367776	283.162
0.365903	283.13
0.36404	283.099
0.362187	283.067
0.360342	283.036
0.358507	283.004
0.356681	282.972
0.354865	282.941
0.353058	282.909
0.351259	282.877
0.34947	282.845
0.34769	282.813
0.345919	282.781
0.344157	282.749
0.342404	282.717
0.34066	282.685
0.338924	282.653
0.337197	282.621
0.335479	282.589
0.33377	282.557
0.332069	282.524
0.330377	282.492
0.328694	282.46
0.327019	282.427
0.325352	282.395
0.323694	282.362
0.322045	282.33
0.320403	282.297
0.31877	282.265
0.317145	282.232
0.315529	282.199
0.31392	282.167
0.31232	282.134
0.310728	282.101
0.309144	282.068
0.307568	282.035
0.306	282.003
0.30444	281.97
0.302888	281.937
0.301344	281.904
0.299807	281.871
0.298278	281.838
0.296757	281.804
0.295244	281.771
0.293739	281.738
0.292241	281.705
0.29075	281.672
0.289267	281.638
0.287792	281.605
0.286324	281.572
0.284864	281.538
0.283411	281.505
0.281965	281.472
0.280527	281.438
0.279096	281.405
0.277672	281.371
0.276256	281.338
0.274847	281.304
0.273445	281.27
0.27205	281.237
0.270662	281.203
0.269281	281.169
0.267907	281.136
0.26654	281.102
0.26518	281.068
0.263827	281.034
0.26248	281
0.261141	280.967
0.259808	280.933
0.258483	280.899
0.257164	280.865
0.255851	280.831
0.254545	280.797
0.253246	280.763
0.251954	280.729
0.250668	280.695
0.249388	280.66
0.248116	280.626
0.246849	280.592
0.245589	280.558
0.244336	280.524
0.243088	280.49
0.241847	280.455
0.240613	280.421
0.239384	280.387
0.238162	280.352
0.236947	280.318
0.235737	280.284
0.234533	280.249
0.233336	280.215
0.232145	280.18
0.230959	280.146
0.22978	280.111
0.228607	280.077
0.227439	280.042
0.226278	280.008
0.225123	279.973
0.223973	279.939
0.222829	279.904
0.221691	279.869
0.220559	279.835
0.219433	279.8
0.218312	279.765
0.217197	279.731
0.216088	279.696
0.214984	279.661
0.213886	279.627
0.212794	279.592
0.211707	279.557
0.210626	279.522
0.20955	279.487
0.20848	279.452
0.207415	279.418
0.206355	279.383
0.205301	279.348
0.204252	279.313
0.203209	279.278
0.202171	279.243
0.201138	279.208
0.200111	279.173
0.199088	279.138
0.198071	279.103
0.197059	279.068
0.196052	279.033
0.195051	278.998
0.194054	278.963
0.193063	278.927
0.192076	278.892
0.191095	278.857
0.190118	278.822
0.189147	278.787
0.18818	278.752
0.187219	278.717
0.186262	278.681
0.18531	278.646
0.184363	278.611
0.183421	278.576
0.182484	278.54
0.181552	278.505
0.180624	278.47
0.179701	278.434
0.178782	278.399
0.177869	278.364
0.17696	278.328
0.176055	278.293
0.175155	278.258
0.17426	278.222
0.173369	278.187
0.172483	278.152
0.171602	278.116
0.170725	278.081
0.169852	278.045
0.168984	278.01
0.16812	277.974
0.167261	277.939
0.166406	277.903
0.165555	277.868
0.164709	277.832
0.163867	277.797
0.163029	277.761
0.162196	277.726
0.161367	277.69
0.160542	277.655
0.159721	277.619
0.158905	277.584
0.158092	277.548
0.157284	277.512
0.15648	277.477
0.15568	277.441
0.154884	277.406
0.154092	277.37
0.153304	277.334
0.152521	277.299
0.151741	277.263
0.150965	277.227
0.150193	277.192
0.149425	277.156
0.148661	277.12
0.147901	277.085
0.147145	277.049
0.146393	277.013
0.145644	276.977
0.144899	276.942
0.144158	276.906
0.143421	276.87
0.142688	276.834
0.141958	276.799
0.141232	276.763
0.14051	276.727
0.139792	276.691
0.139077	276.656
0.138366	276.62
0.137658	276.584
0.136954	276.548
0.136254	276.512
0.135557	276.477
0.134864	276.441
0.134174	276.405
0.133488	276.369
0.132805	276.333
0.132126	276.297
0.13145	276.262
0.130778	276.226
0.130109	276.19
0.129444	276.154
0.128782	276.118
0.128123	276.082
0.127468	276.046
0.126816	276.01
0.126167	275.975
0.125522	275.939
0.12488	275.903
0.124241	275.867
0.123606	275.831
0.122973	275.795
0.122344	275.759
0.121719	275.723
0.121096	275.687
0.120476	275.651
0.11986	275.615
0.119247	275.579
0.118637	275.544
0.11803	275.508
0.117427	275.472
0.116826	275.436
0.116228	275.4
0.115634	275.364
0.115042	275.328
0.114454	275.292
0.113868	275.256
0.113286	275.22
0.112706	275.184
0.11213	275.148
0.111556	275.112
0.110985	275.076
0.110418	275.04
0.109853	275.004
0.109291	274.968
0.108732	274.932
0.108175	274.896
0.107622	274.86
0.107072	274.824
0.106524	274.788
0.105979	274.752
0.105437	274.716
0.104897	274.68
0.104361	274.644
0.103827	274.608
0.103295	274.572
0.102767	274.536
0.102241	274.5
0.101718	274.464
0.101198	274.428
0.10068	274.392
0.100165	274.356
0.0996523	274.32
0.0991424	274.284
0.0986352	274.248
0.0981306	274.212
0.0976285	274.176
0.097129	274.14
0.096632	274.104
0.0961376	274.068
0.0956457	274.032
0.0951563	273.996
0.0946695	273.96
0.0941851	273.924
0.0937032	273.888
0.0932237	273.852
0.0927467	273.816
0.0922722	273.78
0.0918	273.744
0.0913303	273.708
0.090863	273.672
0.090398	273.636
0.0899355	273.6
0.0894753	273.564
0.0890175	273.528
0.088562	273.492
0.0881088	273.456
0.087658	273.42
0.0872094	273.384
0.0867631	273.348
0.0863192	273.312
0.0858775	273.276
0.0854381	273.24
0.0850009	273.204
0.0845659	273.168
0.0841332	273.132
0.0837026	273.096
0.0832743	273.06
0.0828482	273.024
0.0824243	272.988
0.0820025	272.952
0.0815829	272.916
0.0811654	272.88
0.08075	272.844
0.0803368	272.808
0.0799257	272.772
0.0795166	272.736
0.0791097	272.7
0.078705	272.664
0.0783022	272.628
0.0779015	272.592
0.0775028	272.556
0.0771062	272.52
0.0767116	272.484
0.076319	272.448
0.0759284	272.412
0.0755399	272.376
0.0751534	272.34
0.0747687	272.304
0.0743861	272.268
0.0740054	272.232
0.0736267	272.196
0.0732499	272.16
0.072875	272.124
0.0725021	272.088
0.0721311	272.052
0.0717619	272.016
0.0713947	271.98
0.0710293	271.944
0.0706658	271.909
0.0703041	271.873
0.0699443	271.837
0.0695863	271.801
0.0692303	271.765
0.068876	271.729
0.0685235	271.693
0.0681728	271.657
0.0678239	271.621
0.0674767	271.585
0.0671314	271.549
0.0667878	271.514
0.0664461	271.478
0.066106	271.442
0.0657677	271.406
0.0654311	271.37
0.0650962	271.334
0.064763	271.298
0.0644316	271.262
0.0641018	271.226
0.0637738	271.191
0.0634474	271.155
0.0631227	271.119
0.0627996	271.083
0.0624782	271.047
0.0621584	271.011
0.0618403	270.975
0.0615238	270.94
0.0612089	270.904
0.0608957	270.868
0.060584	270.832
0.0602739	270.796
0.0599654	270.76
0.0596585	270.725
0.0593532	270.689
0.0590494	270.653
0.0587472	270.617
0.0584466	270.581
0.0581474	270.546
0.0578498	270.51
0.0575537	270.474
0.0572591	270.438
0.0569661	270.403
0.0566745	270.367
0.0563844	270.331
0.0560959	270.295
0.0558088	270.259
0.0555232	270.224
0.055239	270.188
0.0549562	270.152
0.054675	270.116
0.0543951	270.081
0.0541167	270.045
0.0538397	270.009
0.0535642	269.974
0.0532901	269.938
0.0530173	269.902
0.0527459	269.866
0.052476	269.831
0.0522074	269.795
0.0519402	269.759
0.0516743	269.724
0.0514099	269.688
0.0511468	269.652
0.050885	269.617
0.0506245	269.581
0.0503654	269.545
0.0501076	269.51
0.0498512	269.474
0.049596	269.438
0.0493422	269.403
0.0490897	269.367
0.0488384	269.331
0.0485884	269.296
0.0483397	269.26
0.0480923	269.225
0.0478462	269.189
0.0476013	269.153
0.0473576	269.118
0.0471153	269.082
0.0468741	269.047
0.0466342	269.011
0.0463955	268.975
0.0461581	268.94
0.0459218	268.904
0.0456868	268.869
0.0454529	268.833
0.0452203	268.798
0.0449889	268.762
0.0447586	268.727
0.0445295	268.691
0.0443016	268.656
0.0440748	268.62
0.0438492	268.585
0.0436248	268.549
0.0434016	268.514
0.0431794	268.478
0.0429584	268.443
0.0427385	268.407
0.0425198	268.372
0.0423021	268.336
0.0420856	268.301
0.0418702	268.265
0.0416559	268.23
0.0414427	268.194
0.0412306	268.159
0.0410196	268.123
0.0408096	268.088
0.0406008	268.053
0.040393	268.017
0.0401862	267.982
0.0399805	267.946
0.0397759	267.911
0.0395723	267.876
0.0393698	267.84
0.0391683	267.805
0.0389678	267.769
0.0387684	267.734
0.0385699	267.699
0.0383725	267.663
0.0381761	267.628
0.0379808	267.593
0.0377864	267.557
0.037593	267.522
0.0374005	267.487
0.0372091	267.451
0.0370187	267.416
0.0368292	267.381
0.0366407	267.345
0.0364532	267.31
0.0362666	267.275
0.036081	267.24
0.0358963	267.204
0.0357126	267.169
0.0355298	267.134
0.0353479	267.099
0.035167	267.063
0.0349871	267.028
0.034808	266.993
0.0346298	266.958
0.0344526	266.922
0.0342763	266.887
0.0341008	266.852
0.0339263	266.817
0.0337526	266.782
0.0335799	266.746
0.0334081	266.711
0.0332371	266.676
0.0330669	266.641
0.0328977	266.606
0.0327293	266.571
0.0325618	266.535
0.0323952	266.5
0.0322293	266.465
0.0320644	266.43
0.0319003	266.395
0.031737	266.36
0.0315746	266.325
0.031413	266.29
0.0312522	266.255
0.0310923	266.219
0.0309331	266.184
0.0307748	266.149
0.0306173	266.114
0.0304606	266.079
0.0303047	266.044
0.0301496	266.009
0.0299953	265.974
0.0298418	265.939
0.0296891	265.904
0.0295371	265.869
0.029386	265.834
0.0292356	265.799
0.0290859	265.764
0.0289371	265.729
0.028789	265.694
0.0286416	265.659
0.028495	265.624
0.0283492	265.589
0.0282041	265.554
0.0280598	265.519
0.0279162	265.484
0.0277733	265.45
0.0276312	265.415
0.0274897	265.38
0.0273491	265.345
0.0272091	265.31
0.0270699	265.275
0.0269313	265.24
0.0267935	265.205
0.0266563	265.17
0.0265199	265.136
0.0263842	265.101
0.0262492	265.066
0.0261148	265.031
0.0259812	264.996
0.0258482	264.961
0.0257159	264.927
0.0255843	264.892
0.0254534	264.857
0.0253231	264.822
0.0251935	264.787
0.0250646	264.753
0.0249363	264.718
0.0248087	264.683
0.0246817	264.648
0.0245554	264.614
0.0244298	264.579
0.0243047	264.544
0.0241803	264.509
0.0240566	264.475
0.0239335	264.44
0.023811	264.405
0.0236892	264.37
0.0235679	264.336
0.0234473	264.301
0.0233273	264.266
0.0232079	264.232
0.0230892	264.197
0.022971	264.162
0.0228535	264.128
0.0227365	264.093
0.0226201	264.059
0.0225044	264.024
0.0223892	263.989
0.0222746	263.955
0.0221606	263.92
0.0220472	263.886
0.0219344	263.851
0.0218222	263.816
0.0217105	263.782
0.0215994	263.747
0.0214888	263.713
0.0213789	263.678
0.0212695	263.644
0.0211606	263.609
0.0210523	263.575
0.0209446	263.54
0.0208374	263.506
0.0207308	263.471
0.0206247	263.437
0.0205192	263.402
0.0204142	263.368
0.0203097	263.333
0.0202057	263.299
0.0201024	263.264
0.0199995	263.23
0.0198971	263.195
0.0197953	263.161
0.019694	263.126
0.0195932	263.092
0.019493	263.058
0.0193932	263.023
0.019294	262.989
0.0191953	262.954
0.019097	262.92
0.0189993	262.886
0.0189021	262.851
0.0188054	262.817
0.0187091	262.783
0.0186134	262.748
0.0185181	262.714
0.0184234	262.68
0.0183291	262.645
0.0182353	262.611
0.018142	262.577
0.0180492	262.542
0.0179568	262.508
0.0178649	262.474
0.0177735	262.44
0.0176826	262.405
0.0175921	262.371
0.0175021	262.337
0.0174125	262.303
0.0173234	262.268
0.0172347	262.234
0.0171466	262.2
0.0170588	262.166
0.0169715	262.132
0.0168847	262.097
0.0167983	262.063
0.0167123	262.029
0.0166268	261.995
0.0165417	261.961
0.0164571	261.927
0.0163729	261.892
0.0162891	261.858
0.0162058	261.824
0.0161228	261.79
0.0160403	261.756
0.0159583	261.722
0.0158766	261.688
0.0157954	261.654
0.0157145	261.62
0.0156341	261.586
0.0155541	261.551
0.0154746	261.517
0.0153954	261.483
0.0153166	261.449
0.0152382	261.415
0.0151603	261.381
0.0150827	261.347
0.0150055	261.313
0.0149287	261.279
0.0148524	261.245
0.0147764	261.211
0.0147008	261.177
0.0146255	261.143
0.0145507	261.109
0.0144762	261.075
0.0144022	261.042
0.0143285	261.008
0.0142552	260.974
0.0141822	260.94
0.0141097	260.906
0.0140375	260.872
0.0139657	260.838
0.0138942	260.804
0.0138231	260.77
0.0137524	260.736
0.013682	260.703
0.013612	260.669
0.0135424	260.635
0.0134731	260.601
0.0134042	260.567
0.0133356	260.533
0.0132673	260.5
0.0131995	260.466
0.0131319	260.432
0.0130647	260.398
0.0129979	260.364
0.0129314	260.331
0.0128652	260.297
0.0127994	260.263
0.0127339	260.229
0.0126688	260.196
0.012604	260.162
0.0125395	260.128
0.0124753	260.094
0.0124115	260.061
0.012348	260.027
0.0122848	259.993
0.012222	259.96
0.0121594	259.926
0.0120972	259.892
0.0120353	259.859
0.0119738	259.825
0.0119125	259.791
0.0118516	259.758
0.0117909	259.724
0.0117306	259.69
0.0116706	259.657
0.0116109	259.623
0.0115515	259.59
0.0114924	259.556
0.0114336	259.522
0.0113751	259.489
0.0113169	259.455
0.011259	259.422
0.0112014	259.388
0.0111441	259.355
0.0110871	259.321
0.0110304	259.288
0.0109739	259.254
0.0109178	259.221
0.0108619	259.187
0.0108064	259.154
0.0107511	259.12
0.0106961	259.087
0.0106413	259.053
0.0105869	259.02
0.0105328	258.986
0.0104789	258.953
0.0104253	258.919
0.0103719	258.886
0.0103189	258.852
0.0102661	258.819
0.0102136	258.786
0.0101613	258.752
0.0101093	258.719
0.0100576	258.686
0.0100062	258.652
0.00995497	258.619
0.00990404	258.585
0.00985338	258.552
0.00980297	258.519
0.00975282	258.485
0.00970294	258.452
0.0096533	258.419
0.00960391	258.385
0.00955478	258.352
0.00950591	258.319
0.00945728	258.286
0.0094089	258.252
0.00936076	258.219
0.00931289	258.186
0.00926525	258.153
0.00921785	258.119
0.0091707	258.086
0.00912378	258.053
0.00907711	258.02
0.00903067	257.986
0.00898448	257.953
0.00893852	257.92
0.0088928	257.887
0.00884731	257.854
0.00880205	257.821
0.00875703	257.787
0.00871223	257.754
0.00866766	257.721
0.00862332	257.688
0.00857921	257.655
0.00853534	257.622
0.00849167	257.589
0.00844824	257.555
0.00840502	257.522
0.00836203	257.489
0.00831925	257.456
0.0082767	257.423
0.00823436	257.39
0.00819225	257.357
0.00815034	257.324
0.00810865	257.291
0.00806717	257.258
0.00802591	257.225
0.00798485	257.192
0.00794401	257.159
0.00790337	257.126
0.00786295	257.093
0.00782273	257.06
0.00778272	257.027
0.00774291	256.994
0.0077033	256.961
0.0076639	256.928
0.0076247	256.895
0.0075857	256.862
0.0075469	256.829
0.0075083	256.796
0.0074699	256.763
0.00743169	256.73
0.00739368	256.698
0.00735586	256.665
0.00731823	256.632
0.0072808	256.599
0.00724356	256.566
0.00720652	256.533
0.00716966	256.5
0.00713298	256.468
0.0070965	256.435
0.0070602	256.402
0.00702409	256.369
0.00698816	256.336
0.00695242	256.303
0.00691686	256.271
0.00688149	256.238
0.00684629	256.205
0.00681127	256.172
0.00677644	256.14
0.00674178	256.107
0.0067073	256.074
0.00667299	256.041
0.00663886	256.009
0.00660491	255.976
0.00657113	255.943
0.00653752	255.911
0.00650408	255.878
0.00647082	255.845
0.00643772	255.812
0.00640479	255.78
0.00637204	255.747
0.00633945	255.714
0.00630703	255.682
0.00627477	255.649
0.00624268	255.617
0.00621075	255.584
0.00617899	255.551
0.00614738	255.519
0.00611594	255.486
0.00608466	255.454
0.00605355	255.421
0.00602259	255.388
0.00599179	255.356
0.00596114	255.323
0.00593066	255.291
0.00590033	255.258
0.00587015	255.226
0.00584013	255.193
0.00581026	255.161
0.00578055	255.128
0.00575099	255.096
0.00572157	255.063
0.00569231	255.031
0.0056632	254.998
0.00563424	254.966
0.00560542	254.933
0.00557676	254.901
0.00554824	254.868
0.00551987	254.836
0.00549164	254.803
0.00546355	254.771
0.00543561	254.739
0.00540781	254.706
0.00538016	254.674
0.00535264	254.641
0.00532527	254.609
0.00529804	254.577
0.00527095	254.544
0.00524399	254.512
0.00521717	254.48
0.00519049	254.447
0.00516395	254.415
0.00513754	254.383
0.00511127	254.35
0.00508513	254.318
0.00505913	254.286
0.00503326	254.253
0.00500752	254.221
0.00498191	254.189
0.00495643	254.157
0.00493109	254.124
0.00490587	254.092
0.00488079	254.06
0.00485583	254.028
0.004831	253.995
0.00480629	253.963
0.00478171	253.931
0.00475726	253.899
0.00473293	253.867
0.00470873	253.834
0.00468466	253.802
0.0046607	253.77
0.00463687	253.738
0.00461316	253.706
0.00458956	253.674
0.0045661	253.641
0.00454275	253.609
0.00451952	253.577
0.00449641	253.545
0.00447342	253.513
0.00445054	253.481
0.00442778	253.449
0.00440514	253.417
0.00438262	253.385
0.00436021	253.352
0.00433791	253.32
0.00431573	253.288
0.00429367	253.256
0.00427171	253.224
0.00424987	253.192
0.00422814	253.16
0.00420652	253.128
0.00418501	253.096
0.00416361	253.064
0.00414232	253.032
0.00412114	253
0.00410007	252.968
0.0040791	252.936
0.00405825	252.904
0.00403749	252.872
0.00401685	252.84
0.00399631	252.809
0.00397588	252.777
0.00395555	252.745
0.00393532	252.713
0.0039152	252.681
0.00389518	252.649
0.00387527	252.617
0.00385545	252.585
0.00383574	252.553
0.00381613	252.521
0.00379662	252.49
0.00377721	252.458
0.00375789	252.426
0.00373868	252.394
0.00371956	252.362
0.00370054	252.33
0.00368162	252.299
0.0036628	252.267
0.00364407	252.235
0.00362544	252.203
0.00360691	252.171
0.00358846	252.14
0.00357012	252.108
0.00355186	252.076
0.0035337	252.044
0.00351564	252.013
0.00349766	251.981
0.00347978	251.949
0.00346199	251.918
0.00344429	251.886
0.00342668	251.854
0.00340916	251.822
0.00339173	251.791
0.00337439	251.759
0.00335714	251.727
0.00333998	251.696
0.0033229	251.664
0.00330591	251.632
0.00328901	251.601
0.00327219	251.569
0.00325546	251.538
0.00323882	251.506
0.00322226	251.474
0.00320579	251.443
0.0031894	251.411
0.00317309	251.38
0.00315687	251.348
0.00314073	251.316
0.00312467	251.285
0.0031087	251.253
0.00309281	251.222
0.00307699	251.19
0.00306127	251.159
0.00304562	251.127
0.00303005	251.096
0.00301455	251.064
0.00299914	251.033
0.00298381	251.001
0.00296856	250.97
0.00295338	250.938
0.00293828	250.907
0.00292326	250.875
0.00290832	250.844
0.00289345	250.812
0.00287866	250.781
0.00286394	250.75
0.0028493	250.718
0.00283473	250.687
0.00282024	250.655
0.00280583	250.624
0.00279148	250.593
0.00277721	250.561
0.00276301	250.53
0.00274889	250.499
0.00273484	250.467
0.00272086	250.436
0.00270695	250.404
0.00269311	250.373
0.00267934	250.342
0.00266565	250.311
0.00265202	250.279
0.00263846	250.248
0.00262498	250.217
0.00261156	250.185
0.00259821	250.154
0.00258493	250.123
0.00257171	250.091
0.00255857	250.06
0.00254549	250.029
0.00253248	249.998
0.00251953	249.967
0.00250665	249.935
0.00249384	249.904
0.00248109	249.873
0.00246841	249.842
0.00245579	249.81
0.00244324	249.779
0.00243075	249.748
0.00241832	249.717
0.00240596	249.686
0.00239366	249.655
0.00238143	249.623
0.00236925	249.592
0.00235714	249.561
0.00234509	249.53
0.00233311	249.499
0.00232118	249.468
0.00230932	249.437
0.00229751	249.406
0.00228577	249.375
0.00227409	249.344
0.00226246	249.312
0.0022509	249.281
0.00223939	249.25
0.00222794	249.219
0.00221656	249.188
0.00220523	249.157
0.00219395	249.126
0.00218274	249.095
0.00217159	249.064
0.00216049	249.033
0.00214944	249.002
0.00213846	248.971
0.00212753	248.94
0.00211665	248.909
0.00210583	248.878
0.00209507	248.847
0.00208436	248.816
0.00207371	248.785
0.00206311	248.754
0.00205256	248.724
0.00204207	248.693
0.00203163	248.662
0.00202125	248.631
0.00201092	248.6
0.00200064	248.569
0.00199042	248.538
0.00198024	248.507
0.00197012	248.476
0.00196005	248.446
0.00195003	248.415
0.00194007	248.384
0.00193015	248.353
0.00192029	248.322
0.00191047	248.291
0.00190071	248.261
0.00189099	248.23
0.00188133	248.199
0.00187171	248.168
0.00186215	248.137
0.00185263	248.107
0.00184316	248.076
0.00183374	248.045
0.00182437	248.014
0.00181505	247.984
0.00180577	247.953
0.00179654	247.922
0.00178736	247.891
0.00177822	247.861
0.00176914	247.83
0.0017601	247.799
0.0017511	247.769
0.00174215	247.738
0.00173325	247.707
0.00172439	247.677
0.00171558	247.646
0.00170681	247.615
0.00169808	247.585
0.00168941	247.554
0.00168077	247.523
0.00167218	247.493
0.00166364	247.462
0.00165514	247.432
0.00164668	247.401
0.00163826	247.37
0.00162989	247.34
0.00162156	247.309
0.00161327	247.279
0.00160503	247.248
0.00159683	247.218
0.00158867	247.187
0.00158055	247.156
0.00157247	247.126
0.00156443	247.095
0.00155644	247.065
0.00154848	247.034
0.00154057	247.004
0.0015327	246.973
0.00152487	246.943
0.00151707	246.912
0.00150932	246.882
0.00150161	246.852
0.00149393	246.821
0.0014863	246.791
0.0014787	246.76
0.00147115	246.73
0.00146363	246.699
0.00145615	246.669
0.00144871	246.638
0.00144131	246.608
0.00143394	246.578
0.00142661	246.547
0.00141932	246.517
0.00141207	246.487
0.00140485	246.456
0.00139768	246.426
0.00139053	246.395
0.00138343	246.365
0.00137636	246.335
0.00136932	246.304
0.00136233	246.274
0.00135537	246.244
0.00134844	246.213
0.00134155	246.183
0.00133469	246.153
0.00132787	246.123
0.00132109	246.092
0.00131434	246.062
0.00130762	246.032
0.00130094	246.002
0.00129429	245.971
0.00128768	245.941
0.0012811	245.911
0.00127455	245.881
0.00126804	245.85
0.00126156	245.82
0.00125511	245.79
0.0012487	245.76
0.00124232	245.73
0.00123597	245.699
0.00122966	245.669
0.00122337	245.639
0.00121712	245.609
0.0012109	245.579
0.00120472	245.549
0.00119856	245.518
0.00119244	245.488
0.00118635	245.458
0.00118028	245.428
0.00117425	245.398
0.00116825	245.368
0.00116228	245.338
0.00115634	245.308
0.00115044	245.278
0.00114456	245.248
0.00113871	245.217
0.00113289	245.187
0.0011271	245.157
0.00112134	245.127
0.00111561	245.097
0.00110991	245.067
0.00110424	245.037
0.0010986	245.007
0.00109299	244.977
0.0010874	244.947
0.00108185	244.917
0.00107632	244.887
0.00107082	244.857
0.00106535	244.827
0.00105991	244.797
0.00105449	244.767
0.0010491	244.737
0.00104374	244.707
0.00103841	244.678
0.00103311	244.648
0.00102783	244.618
0.00102258	244.588
0.00101735	244.558
0.00101215	244.528
0.00100698	244.498
0.00100184	244.468
0.00099672	244.438
0.000991627	244.408
0.000986561	244.379
0.00098152	244.349
0.000976506	244.319
0.000971517	244.289
0.000966554	244.259
0.000961616	244.229
0.000956703	244.2
0.000951815	244.17
0.000946952	244.14
0.000942114	244.11
0.000937301	244.08
0.000932512	244.051
0.000927749	244.021
0.000923009	243.991
0.000918293	243.961
0.000913602	243.932
0.000908934	243.902
