3.29818	603.295
3.30788	603.305
3.3176	603.315
3.32735	603.324
3.33713	603.334
3.34694	603.344
3.35677	603.354
3.36664	603.364
3.37653	603.373
3.38646	603.383
3.39641	603.393
3.40639	603.403
3.4164	603.413
3.42644	603.423
3.43651	603.433
3.44661	603.443
3.45674	603.454
3.4669	603.464
3.47708	603.474
3.4873	603.484
3.49755	603.494
3.50783	603.505
3.51813	603.515
3.52847	603.525
3.53884	603.535
3.54924	603.546
3.55967	603.556
3.57013	603.567
3.58062	603.577
3.59114	603.588
3.6017	603.598
3.61228	603.609
3.62289	603.619
3.63354	603.63
3.64421	603.641
3.65492	603.651
3.66566	603.662
3.67643	603.673
3.68724	603.684
3.69807	603.694
3.70893	603.705
3.71983	603.716
3.73076	603.727
3.74172	603.738
3.75272	603.749
3.76374	603.76
3.7748	603.771
3.78589	603.782
3.79702	603.793
3.80817	603.804
3.81936	603.815
3.83058	603.827
3.84183	603.838
3.85312	603.849
3.86444	603.86
3.87579	603.872
3.88718	603.883
3.8986	603.895
3.91006	603.906
3.92154	603.917
3.93306	603.929
3.94462	603.94
3.95621	603.952
3.96783	603.964
3.97948	603.975
3.99117	603.987
4.0029	603.999
4.01466	604.01
4.02645	604.022
4.03828	604.034
4.05014	604.046
4.06204	604.058
4.07397	604.07
4.08594	604.082
4.09794	604.093
4.10998	604.106
4.12205	604.118
4.13416	604.13
4.1463	604.142
4.15848	604.154
4.1707	604.166
4.18295	604.178
4.19523	604.191
4.20756	604.203
4.21991	604.215
4.23231	604.228
4.24474	604.24
4.25721	604.252
4.26971	604.265
4.28225	604.277
4.29483	604.29
4.30744	604.303
4.32009	604.315
4.33278	604.328
4.34551	604.341
4.35827	604.353
4.37107	604.366
4.38391	604.379
4.39678	604.392
4.4097	604.405
4.42265	604.418
4.43563	604.43
4.44866	604.443
4.46173	604.456
4.47483	604.47
4.48797	604.483
4.50115	604.496
4.51437	604.509
4.52762	604.522
4.54092	604.536
4.55426	604.549
4.56763	604.562
4.58104	604.576
4.59449	604.589
4.60799	604.602
4.62152	604.616
4.63509	604.629
4.6487	604.643
4.66235	604.657
4.67604	604.67
4.68977	604.684
4.70354	604.698
4.71735	604.712
4.7312	604.725
4.74509	604.739
4.75902	604.753
4.773	604.767
4.78701	604.781
4.80107	604.795
4.81516	604.809
4.8293	604.823
4.84348	604.837
4.8577	604.852
4.87196	604.866
4.88626	604.88
4.90061	604.894
4.915	604.909
4.92943	604.923
4.9439	604.938
4.95841	604.952
4.97297	604.967
4.98757	604.981
5.00221	604.996
5.0169	605.01
5.03162	605.025
5.04639	605.04
5.06121	605.055
5.07607	605.069
5.09097	605.084
5.10591	605.099
5.1209	605.114
5.13593	605.129
5.15101	605.144
5.16613	605.159
5.18129	605.174
5.1965	605.19
5.21175	605.205
5.22705	605.22
5.24239	605.235
5.25778	605.251
5.27321	605.266
5.28869	605.281
5.30421	605.297
5.31978	605.312
5.3354	605.328
5.35106	605.344
5.36676	605.359
5.38251	605.375
5.39831	605.391
5.41415	605.407
5.43004	605.422
5.44598	605.438
5.46196	605.454
5.47799	605.47
5.49407	605.486
5.51019	605.502
5.52636	605.519
5.54258	605.535
5.55884	605.551
5.57516	605.567
5.59152	605.583
5.60792	605.6
5.62438	605.616
5.64088	605.633
5.65744	605.649
5.67404	605.666
5.69069	605.682
5.70739	605.699
5.72413	605.716
5.74093	605.732
5.75777	605.749
5.77467	605.766
5.79161	605.783
5.8086	605.8
5.82565	605.817
5.84274	605.834
5.85988	605.851
5.87708	605.868
5.89432	605.885
5.91161	605.903
5.92896	605.92
5.94635	605.937
5.9638	605.955
5.98129	605.972
5.99884	605.99
6.01644	606.007
6.03409	606.025
6.05179	606.042
6.06954	606.06
6.08735	606.078
6.10521	606.096
6.12312	606.114
6.14108	606.131
6.15909	606.149
6.17716	606.167
6.19528	606.186
6.21345	606.204
6.23168	606.222
6.24996	606.24
6.26829	606.258
6.28667	606.277
6.30511	606.295
6.32361	606.313
6.34215	606.332
6.36075	606.35
6.37941	606.369
6.39813	606.388
6.41689	606.406
6.43571	606.425
6.45458	606.444
6.47351	606.463
6.4925	606.482
6.51154	606.501
6.53063	606.52
6.54979	606.539
6.56899	606.558
6.58826	606.577
6.60758	606.597
6.62696	606.616
6.64639	606.635
6.66588	606.655
6.68543	606.674
6.70503	606.694
6.72469	606.713
6.74441	606.733
6.76418	606.753
6.78402	606.772
6.80391	606.792
6.82386	606.812
6.84387	606.832
6.86394	606.852
6.88406	606.872
6.90424	606.892
6.92449	606.912
6.94479	606.933
6.96515	606.953
6.98557	606.973
7.00605	606.994
7.02659	607.014
7.04719	607.035
7.06785	607.055
7.08857	607.076
7.10935	607.097
7.13019	607.117
7.15109	607.138
7.17205	607.159
7.19308	607.18
7.21416	607.201
7.23531	607.222
7.25652	607.243
7.27779	607.265
7.29912	607.286
7.32052	607.307
7.34197	607.329
7.36349	607.35
7.38508	607.371
7.40672	607.393
7.42843	607.415
7.4502	607.436
7.47204	607.458
7.49394	607.48
7.5159	607.502
7.53793	607.524
7.56002	607.546
7.58217	607.568
7.60439	607.59
7.62668	607.612
7.64903	607.635
7.67144	607.657
7.69392	607.679
7.71647	607.702
7.73908	607.724
7.76176	607.747
7.7845	607.769
7.80731	607.792
7.83019	607.815
7.85313	607.838
7.87614	607.861
7.89922	607.884
7.92236	607.907
7.94557	607.93
7.96886	607.953
7.9922	607.976
8.01562	608
8.0391	608.023
8.06265	608.047
8.08627	608.07
8.10996	608.094
8.13372	608.117
8.15755	608.141
8.18144	608.165
8.20541	608.189
8.22945	608.213
8.25356	608.237
8.27773	608.261
8.30198	608.285
8.3263	608.309
8.35069	608.334
8.37514	608.358
8.39967	608.382
8.42428	608.407
8.44895	608.431
8.4737	608.456
8.49852	608.481
8.52341	608.506
8.54837	608.53
8.5734	608.555
8.59851	608.58
8.62369	608.605
8.64895	608.631
8.67428	608.656
8.69968	608.681
8.72515	608.706
8.75071	608.732
8.77633	608.757
8.80203	608.783
8.8278	608.809
8.85365	608.834
8.87957	608.86
8.90557	608.886
8.93165	608.912
8.9578	608.938
8.98403	608.964
9.01033	608.99
9.03671	609.017
9.06317	609.043
9.0897	609.07
9.11631	609.096
9.143	609.123
9.16977	609.149
9.19661	609.176
9.22353	609.203
9.25053	609.23
9.27761	609.257
9.30477	609.284
9.33201	609.311
9.35933	609.338
9.38672	609.365
9.4142	609.393
9.44175	609.42
9.46938	609.448
9.4971	609.475
9.52489	609.503
9.55277	609.531
9.58073	609.558
9.60877	609.586
9.63689	609.614
9.6651	609.642
9.69338	609.671
9.72175	609.699
9.75019	609.727
9.77873	609.756
9.80734	609.784
9.83604	609.813
9.86482	609.841
9.89369	609.87
9.92264	609.899
9.95167	609.928
9.98079	609.957
10.01	609.986
10.0393	610.015
10.0686	610.044
10.0981	610.073
10.1276	610.103
10.1573	610.132
10.187	610.162
10.2168	610.192
10.2467	610.221
10.2767	610.251
10.3067	610.281
10.3369	610.311
10.3671	610.341
10.3974	610.371
10.4278	610.402
10.4583	610.432
10.4889	610.462
10.5196	610.493
10.5504	610.524
10.5812	610.554
10.6122	610.585
10.6432	610.616
10.6743	610.647
10.7056	610.678
10.7369	610.709
10.7683	610.74
10.7998	610.772
10.8313	610.803
10.863	610.835
10.8948	610.866
10.9266	610.898
10.9586	610.93
10.9906	610.962
11.0228	610.994
11.055	611.026
11.0873	611.058
11.1197	611.09
11.1522	611.122
11.1848	611.155
11.2175	611.187
11.2503	611.22
11.2832	611.253
11.3162	611.286
11.3493	611.319
11.3825	611.352
11.4157	611.385
11.4491	611.418
11.4826	611.451
11.5161	611.484
11.5498	611.518
11.5835	611.552
11.6174	611.585
11.6514	611.619
11.6854	611.653
11.7196	611.687
11.7538	611.721
11.7882	611.755
11.8226	611.789
11.8572	611.824
11.8918	611.858
11.9266	611.893
11.9614	611.927
11.9964	611.962
12.0314	611.997
12.0666	612.032
12.1018	612.067
12.1372	612.102
12.1726	612.137
12.2082	612.173
12.2439	612.208
12.2796	612.244
12.3155	612.28
12.3515	612.315
12.3876	612.351
12.4237	612.387
12.46	612.423
12.4964	612.459
12.5329	612.496
12.5695	612.532
12.6062	612.569
12.6431	612.605
12.68	612.642
12.717	612.679
12.7542	612.716
12.7914	612.753
12.8288	612.79
12.8662	612.827
12.9038	612.865
12.9415	612.902
12.9793	612.94
13.0172	612.977
13.0552	613.015
13.0933	613.053
13.1315	613.091
13.1699	613.129
13.2083	613.167
13.2469	613.206
13.2855	613.244
13.3243	613.283
13.3632	613.321
13.4022	613.36
13.4414	613.399
13.4806	613.438
13.52	613.477
13.5594	613.516
13.599	613.556
13.6387	613.595
13.6785	613.635
13.7184	613.674
13.7584	613.714
13.7986	613.754
13.8389	613.794
13.8792	613.834
13.9198	613.874
13.9604	613.915
14.0011	613.955
14.042	613.996
14.0829	614.036
14.124	614.077
14.1652	614.118
14.2066	614.159
14.248	614.201
14.2896	614.242
14.3313	614.283
14.3731	614.325
14.415	614.366
14.4571	614.408
14.4992	614.45
14.5415	614.492
14.5839	614.534
14.6265	614.577
14.6691	614.619
14.7119	614.661
14.7548	614.704
14.7979	614.747
14.841	614.79
14.8843	614.833
14.9277	614.876
14.9712	614.919
15.0149	614.962
15.0587	615.006
15.1026	615.05
15.1466	615.093
15.1908	615.137
15.2351	615.181
15.2795	615.225
15.324	615.269
15.3687	615.314
15.4135	615.358
15.4584	615.403
15.5035	615.448
15.5487	615.493
15.594	615.538
15.6395	615.583
15.6851	615.628
15.7308	615.673
15.7766	615.719
15.8226	615.765
15.8687	615.81
15.915	615.856
15.9613	615.902
16.0079	615.949
16.0545	615.995
16.1013	616.041
16.1482	616.088
16.1952	616.135
16.2424	616.181
16.2898	616.228
16.3372	616.276
16.3848	616.323
16.4325	616.37
16.4804	616.418
16.5284	616.465
16.5766	616.513
16.6249	616.561
16.6733	616.609
16.7218	616.657
16.7705	616.706
16.8194	616.754
16.8684	616.803
16.9175	616.852
16.9668	616.901
17.0162	616.95
17.0657	616.999
17.1154	617.048
17.1653	617.098
17.2152	617.147
17.2654	617.197
17.3156	617.247
17.366	617.297
17.4166	617.347
17.4673	617.397
17.5182	617.448
17.5691	617.498
17.6203	617.549
17.6716	617.6
17.723	617.651
17.7746	617.702
17.8263	617.754
17.8782	617.805
17.9302	617.857
17.9824	617.908
18.0348	617.96
18.0872	618.012
18.1399	618.065
18.1926	618.117
18.2456	618.169
18.2987	618.222
18.3519	618.275
18.4053	618.328
18.4589	618.381
18.5126	618.434
18.5664	618.488
18.6204	618.541
18.6746	618.595
18.7289	618.649
18.7834	618.703
18.838	618.757
18.8928	618.811
18.9477	618.866
19.0028	618.921
19.0581	618.975
19.1135	619.03
19.1691	619.085
19.2248	619.141
19.2807	619.196
19.3368	619.252
19.393	619.307
19.4494	619.363
19.5059	619.419
19.5627	619.476
19.6195	619.532
19.6766	619.589
19.7337	619.645
19.7911	619.702
19.8486	619.759
19.9063	619.816
19.9642	619.874
20.0222	619.931
20.0804	619.989
20.1387	620.047
20.1973	620.105
20.2559	620.163
20.3148	620.221
20.3738	620.28
20.433	620.338
20.4924	620.397
20.5519	620.456
20.6116	620.515
20.6715	620.575
20.7315	620.634
20.7918	620.694
20.8521	620.754
20.9127	620.814
20.9734	620.874
21.0344	620.934
21.0954	620.995
21.1567	621.056
21.2181	621.117
21.2797	621.178
21.3415	621.239
21.4035	621.3
21.4656	621.362
21.528	621.424
21.5905	621.485
21.6531	621.548
21.716	621.61
21.779	621.672
21.8422	621.735
21.9056	621.798
21.9692	621.861
22.033	621.924
22.0969	621.987
22.1611	622.051
22.2254	622.114
22.2899	622.178
22.3545	622.242
22.4194	622.306
22.4844	622.371
22.5497	622.435
22.6151	622.5
22.6807	622.565
22.7465	622.63
22.8125	622.696
22.8786	622.761
22.945	622.827
23.0115	622.893
23.0783	622.959
23.1452	623.025
23.2123	623.092
23.2796	623.158
23.3471	623.225
23.4148	623.292
23.4827	623.359
23.5508	623.427
23.6191	623.494
23.6876	623.562
23.7562	623.63
23.8251	623.698
23.8941	623.767
23.9634	623.835
24.0328	623.904
24.1025	623.973
24.1723	624.042
24.2424	624.111
24.3127	624.181
24.3831	624.25
24.4538	624.32
24.5246	624.39
24.5957	624.461
24.6669	624.531
24.7384	624.602
24.81	624.673
24.8819	624.744
24.954	624.815
25.0262	624.887
25.0987	624.959
25.1714	625.03
25.2443	625.102
25.3174	625.175
25.3907	625.247
25.4642	625.32
25.538	625.393
25.6119	625.466
25.686	625.539
25.7604	625.613
25.835	625.687
25.9098	625.761
25.9848	625.835
26.06	625.909
26.1354	625.984
26.211	626.059
26.2869	626.134
26.3629	626.209
26.4392	626.284
26.5157	626.36
26.5925	626.436
26.6694	626.512
26.7465	626.588
26.8239	626.665
26.9015	626.741
26.9793	626.818
27.0573	626.895
27.1356	626.973
27.2141	627.05
27.2928	627.128
27.3717	627.206
27.4509	627.284
27.5302	627.363
27.6098	627.441
27.6897	627.52
27.7697	627.599
27.85	627.679
27.9305	627.758
28.0112	627.838
28.0922	627.918
28.1734	627.998
28.2548	628.079
28.3364	628.159
28.4183	628.24
28.5004	628.321
28.5828	628.403
28.6654	628.484
28.7482	628.566
28.8312	628.648
28.9145	628.73
28.998	628.813
29.0818	628.896
29.1658	628.979
29.25	629.062
29.3345	629.145
29.4192	629.229
29.5042	629.313
29.5894	629.397
29.6748	629.481
29.7605	629.566
29.8464	629.651
29.9325	629.736
30.0189	629.821
30.1056	629.907
30.1925	629.992
30.2796	630.078
30.367	630.165
30.4546	630.251
30.5425	630.338
30.6306	630.425
30.719	630.512
30.8076	630.6
30.8965	630.687
30.9856	630.775
31.075	630.864
31.1646	630.952
31.2545	631.041
31.3447	631.13
31.435	631.219
31.5257	631.308
31.6166	631.398
31.7078	631.488
31.7992	631.578
31.8908	631.668
31.9828	631.759
32.075	631.85
32.1674	631.941
32.2601	632.033
32.3531	632.124
32.4463	632.216
32.5398	632.309
32.6336	632.401
32.7276	632.494
32.8219	632.587
32.9165	632.68
33.0113	632.774
33.1064	632.867
33.2017	632.961
33.2974	633.056
33.3932	633.15
33.4894	633.245
33.5858	633.34
33.6825	633.435
33.7795	633.531
33.8768	633.627
33.9743	633.723
34.0721	633.819
34.1702	633.916
34.2685	634.013
34.3672	634.11
34.4661	634.208
34.5652	634.305
34.6647	634.403
34.7644	634.502
34.8645	634.6
34.9648	634.699
35.0653	634.798
35.1662	634.898
35.2673	634.997
35.3688	635.097
35.4705	635.197
35.5725	635.298
35.6748	635.399
35.7773	635.5
35.8802	635.601
35.9834	635.703
36.0868	635.804
36.1905	635.907
36.2945	636.009
36.3989	636.112
36.5035	636.215
36.6084	636.318
36.7136	636.422
36.819	636.526
36.9248	636.63
37.0309	636.734
37.1373	636.839
37.2439	636.944
37.3509	637.049
37.4582	637.155
37.5658	637.261
37.6736	637.367
37.7818	637.473
37.8903	637.58
37.9991	637.687
38.1081	637.794
38.2175	637.902
38.3272	638.01
38.4372	638.118
38.5475	638.227
38.6581	638.336
38.7691	638.445
38.8803	638.554
38.9918	638.664
39.1037	638.774
39.2159	638.884
39.3284	638.995
39.4412	639.106
39.5543	639.217
39.6677	639.329
39.7814	639.44
39.8955	639.553
40.0099	639.665
40.1246	639.778
40.2396	639.891
40.3549	640.004
40.4706	640.118
40.5866	640.232
40.7029	640.346
40.8195	640.461
40.9364	640.576
41.0537	640.691
41.1713	640.807
41.2893	640.923
41.4075	641.039
41.5261	641.155
41.645	641.272
41.7643	641.39
41.8839	641.507
42.0038	641.625
42.124	641.743
42.2446	641.861
42.3655	641.98
42.4868	642.099
42.6084	642.219
42.7303	642.339
42.8526	642.459
42.9752	642.579
43.0981	642.7
43.2214	642.821
43.345	642.942
43.469	643.064
43.5933	643.186
43.718	643.308
43.843	643.431
43.9683	643.554
44.094	643.678
44.2201	643.801
44.3465	643.925
44.4733	644.05
44.6003	644.175
44.7278	644.3
44.8556	644.425
44.9838	644.551
45.1123	644.677
45.2412	644.803
45.3704	644.93
45.5	645.057
45.6299	645.185
45.7602	645.313
45.8909	645.441
46.0219	645.569
46.1533	645.698
46.285	645.827
46.4172	645.957
46.5496	646.087
46.6825	646.217
46.8157	646.348
46.9493	646.479
47.0832	646.61
47.2175	646.742
47.3522	646.874
47.4873	647.006
47.6227	647.139
47.7585	647.272
47.8947	647.406
48.0313	647.539
48.1682	647.674
48.3055	647.808
48.4432	647.943
48.5813	648.078
48.7197	648.214
48.8585	648.35
48.9978	648.486
49.1373	648.623
49.2773	648.76
49.4177	648.898
49.5584	649.036
49.6996	649.174
49.8411	649.312
49.983	649.451
50.1253	649.591
50.268	649.73
50.4111	649.871
50.5546	650.011
50.6985	650.152
50.8428	650.293
50.9874	650.435
51.1325	650.577
51.2779	650.719
51.4238	650.862
51.5701	651.005
51.7167	651.148
51.8638	651.292
52.0113	651.437
52.1591	651.581
52.3074	651.726
52.4561	651.872
52.6052	652.018
52.7547	652.164
52.9046	652.311
53.0549	652.458
53.2056	652.605
53.3568	652.753
53.5083	652.901
53.6603	653.05
53.8127	653.199
53.9655	653.348
54.1187	653.498
54.2724	653.648
54.4264	653.798
54.5809	653.949
54.7358	654.101
54.8911	654.253
55.0469	654.405
55.203	654.557
55.3596	654.71
55.5167	654.864
55.6741	655.018
55.832	655.172
55.9903	655.327
56.1491	655.482
56.3083	655.637
56.4679	655.793
56.6279	655.949
56.7884	656.106
56.9493	656.263
57.1107	656.421
57.2725	656.579
57.4347	656.737
57.5974	656.896
57.7605	657.055
57.9241	657.215
58.0881	657.375
58.2525	657.535
58.4174	657.696
58.5828	657.857
58.7486	658.019
58.9148	658.181
59.0815	658.344
59.2487	658.507
59.4163	658.67
59.5843	658.834
59.7529	658.999
59.9218	659.163
60.0913	659.329
60.2612	659.494
60.4315	659.66
60.6023	659.827
60.7736	659.994
60.9453	660.161
61.1175	660.329
61.2902	660.497
61.4633	660.666
61.6369	660.835
61.811	661.005
61.9855	661.175
62.1605	661.345
62.336	661.516
62.512	661.688
62.6884	661.86
62.8653	662.032
63.0427	662.205
63.2206	662.378
63.3989	662.552
63.5778	662.726
63.7571	662.9
63.9369	663.075
64.1171	663.251
64.2979	663.427
64.4791	663.603
64.6609	663.78
64.8431	663.957
65.0258	664.135
65.209	664.313
65.3927	664.492
65.5769	664.671
65.7616	664.851
65.9468	665.031
66.1325	665.212
66.3187	665.393
66.5053	665.574
66.6925	665.756
66.8802	665.939
67.0684	666.122
67.2571	666.305
67.4463	666.489
67.636	666.673
67.8262	666.858
68.0169	667.043
68.2082	667.229
68.3999	667.416
68.5922	667.602
68.785	667.79
68.9782	667.977
69.172	668.166
69.3664	668.354
69.5612	668.544
69.7566	668.733
69.9525	668.924
70.1489	669.114
70.3458	669.305
70.5433	669.497
70.7413	669.689
70.9398	669.882
71.1388	670.075
71.3384	670.269
71.5385	670.463
71.7391	670.658
71.9403	670.853
72.142	671.048
72.3443	671.244
72.547	671.441
72.7504	671.638
72.9542	671.836
73.1586	672.034
73.3636	672.233
73.5691	672.432
73.7751	672.632
73.9817	672.832
74.1889	673.033
74.3965	673.234
74.6048	673.436
74.8135	673.638
75.0229	673.841
75.2328	674.044
75.4433	674.248
75.6543	674.452
75.8658	674.657
76.078	674.863
76.2906	675.069
76.5039	675.275
76.7177	675.482
76.9321	675.69
77.147	675.898
77.3626	676.106
77.5787	676.315
77.7953	676.525
78.0125	676.735
78.2303	676.946
78.4487	677.157
78.6677	677.369
78.8872	677.581
79.1073	677.794
79.328	678.007
79.5493	678.221
79.7711	678.436
79.9936	678.651
80.2166	678.866
80.4402	679.083
80.6644	679.299
80.8892	679.516
81.1145	679.734
81.3405	679.952
81.5671	680.171
81.7942	680.391
82.022	680.611
82.2503	680.831
82.4793	681.052
82.7088	681.274
82.939	681.496
83.1697	681.719
83.4011	681.942
83.633	682.166
83.8656	682.39
84.0988	682.615
84.3326	682.841
84.567	683.067
84.802	683.294
85.0376	683.521
85.2738	683.749
85.5107	683.977
85.7482	684.206
85.9863	684.435
86.225	684.666
86.4643	684.896
86.7043	685.127
86.9449	685.359
87.1861	685.592
87.4279	685.825
87.6704	686.058
87.9135	686.292
88.1572	686.527
88.4016	686.762
88.6466	686.998
88.8922	687.235
89.1385	687.472
89.3854	687.709
89.633	687.948
89.8811	688.187
90.13	688.426
90.3795	688.666
90.6296	688.907
90.8804	689.148
91.1318	689.39
91.3839	689.632
91.6366	689.875
91.89	690.119
92.144	690.363
92.3987	690.608
92.6541	690.853
92.9101	691.099
93.1667	691.346
93.4241	691.593
93.6821	691.841
93.9407	692.089
94.2	692.338
94.46	692.588
94.7207	692.838
94.982	693.089
95.244	693.34
95.5067	693.593
95.7701	693.845
96.0341	694.099
96.2988	694.353
96.5642	694.607
96.8303	694.862
97.097	695.118
97.3645	695.375
97.6326	695.632
97.9014	695.889
98.1709	696.148
98.4411	696.407
98.7119	696.666
98.9835	696.926
99.2558	697.187
99.5287	697.449
99.8024	697.711
100.077	697.974
100.352	698.237
100.628	698.501
100.904	698.766
101.181	699.031
101.459	699.297
101.738	699.563
102.017	699.831
102.297	700.099
102.578	700.367
102.859	700.636
103.141	700.906
103.424	701.177
103.708	701.448
103.992	701.719
104.277	701.992
104.563	702.265
104.849	702.538
105.136	702.813
105.424	703.088
105.713	703.364
106.002	703.64
106.292	703.917
106.583	704.195
106.875	704.473
107.167	704.752
107.46	705.032
107.754	705.312
108.048	705.593
108.344	705.874
108.64	706.157
108.936	706.44
109.234	706.723
109.532	707.008
109.831	707.293
110.131	707.578
110.432	707.865
110.733	708.152
111.035	708.44
111.338	708.728
111.641	709.017
111.945	709.307
112.25	709.597
112.556	709.888
112.863	710.18
113.17	710.473
113.478	710.766
113.787	711.06
114.097	711.354
114.407	711.649
114.719	711.945
115.031	712.242
115.343	712.539
115.657	712.837
115.971	713.136
116.286	713.435
116.602	713.735
116.919	714.036
117.236	714.338
117.555	714.64
117.874	714.943
118.194	715.246
118.514	715.551
118.836	715.856
119.158	716.161
119.481	716.468
119.805	716.775
120.129	717.083
120.455	717.391
120.781	717.7
121.108	718.01
121.436	718.321
121.764	718.632
122.094	718.945
122.424	719.257
122.755	719.571
123.087	719.885
123.42	720.2
123.754	720.516
124.088	720.832
124.423	721.149
124.759	721.467
125.096	721.786
125.434	722.105
125.772	722.425
126.111	722.746
126.451	723.067
126.792	723.39
127.134	723.713
127.477	724.036
127.82	724.361
128.165	724.686
128.51	725.012
128.856	725.339
129.203	725.666
129.55	725.994
129.899	726.323
130.248	726.652
130.599	726.983
130.95	727.314
131.302	727.646
131.655	727.978
132.008	728.312
132.363	728.646
132.718	728.98
133.074	729.316
133.431	729.652
133.789	729.989
134.148	730.327
134.508	730.666
134.868	731.005
135.23	731.345
135.592	731.686
135.955	732.027
136.32	732.37
136.684	732.713
137.05	733.057
137.417	733.401
137.785	733.747
138.153	734.093
138.522	734.44
138.893	734.787
139.264	735.136
139.636	735.485
140.009	735.835
140.382	736.185
140.757	736.537
141.133	736.889
141.509	737.242
141.887	737.596
142.265	737.951
142.644	738.306
143.024	738.662
143.405	739.019
143.787	739.377
144.17	739.735
144.554	740.094
144.938	740.454
145.324	740.815
145.71	741.176
146.098	741.539
146.486	741.902
146.875	742.266
147.265	742.63
147.656	742.996
148.048	743.362
148.441	743.729
148.835	744.097
149.23	744.466
149.626	744.835
150.022	745.205
150.42	745.576
150.818	745.948
151.218	746.32
151.618	746.694
152.02	747.068
152.422	747.443
152.825	747.818
153.229	748.195
153.634	748.572
154.04	748.95
154.447	749.329
154.855	749.709
155.264	750.089
155.674	750.471
156.085	750.853
156.497	751.236
156.91	751.619
157.323	752.004
157.738	752.389
158.154	752.775
158.57	753.162
158.988	753.55
159.406	753.938
159.826	754.328
160.246	754.718
160.668	755.109
161.09	755.501
161.514	755.893
161.938	756.286
162.363	756.681
162.79	757.076
163.217	757.471
163.645	757.868
164.075	758.265
164.505	758.664
164.936	759.063
165.368	759.463
165.802	759.863
166.236	760.265
166.671	760.667
167.107	761.07
167.545	761.474
167.983	761.879
168.422	762.284
168.862	762.691
169.304	763.098
169.746	763.506
170.189	763.915
170.633	764.325
171.079	764.735
171.525	765.146
171.972	765.559
172.42	765.972
172.87	766.385
173.32	766.8
173.772	767.216
174.224	767.632
174.677	768.049
175.132	768.467
175.587	768.886
176.044	769.305
176.501	769.726
176.96	770.147
177.419	770.569
177.88	770.992
178.342	771.415
178.804	771.84
179.268	772.265
179.733	772.692
180.199	773.119
180.666	773.547
181.133	773.975
181.602	774.405
182.072	774.835
182.543	775.266
183.015	775.698
183.489	776.131
183.963	776.565
184.438	776.999
184.914	777.435
185.392	777.871
185.87	778.308
186.35	778.746
186.83	779.185
187.312	779.624
187.794	780.065
188.278	780.506
188.763	780.948
189.249	781.391
189.736	781.834
190.224	782.279
190.713	782.724
191.203	783.171
191.694	783.618
192.186	784.066
192.68	784.514
193.174	784.964
193.67	785.414
194.166	785.866
194.664	786.318
195.163	786.771
195.663	787.224
196.164	787.679
196.666	788.134
197.169	788.591
197.673	789.048
198.178	789.506
198.685	789.965
199.192	790.424
199.701	790.885
200.211	791.346
200.721	791.808
201.233	792.271
201.746	792.735
202.26	793.2
202.776	793.665
203.292	794.132
203.809	794.599
204.328	795.067
204.848	795.536
205.368	796.005
205.89	796.476
206.413	796.947
206.937	797.42
207.463	797.893
207.989	798.366
208.516	798.841
209.045	799.317
209.575	799.793
210.106	800.27
210.637	800.748
211.171	801.227
211.705	801.707
212.24	802.188
212.777	802.669
213.314	803.151
213.853	803.634
214.393	804.118
214.934	804.603
215.476	805.089
216.019	805.575
216.564	806.062
217.109	806.55
217.656	807.039
218.204	807.529
218.753	808.02
219.303	808.511
219.854	809.003
220.407	809.497
220.96	809.99
221.515	810.485
222.071	810.981
222.628	811.477
223.186	811.974
223.745	812.472
224.306	812.971
224.867	813.471
225.43	813.971
225.994	814.473
226.559	814.975
227.126	815.478
227.693	815.982
228.262	816.487
228.832	816.992
229.402	817.498
229.975	818.005
230.548	818.513
231.122	819.022
231.698	819.532
232.275	820.042
232.853	820.553
233.432	821.065
234.012	821.578
234.594	822.092
235.176	822.606
235.76	823.121
236.345	823.638
236.931	824.155
237.519	824.672
238.107	825.191
238.697	825.71
239.288	826.23
239.88	826.751
240.473	827.273
241.068	827.796
241.663	828.319
242.26	828.843
242.858	829.368
243.458	829.894
244.058	830.42
244.66	830.948
245.262	831.476
245.866	832.005
246.472	832.535
247.078	833.065
247.686	833.597
248.294	834.129
248.904	834.662
249.516	835.196
250.128	835.73
250.742	836.265
251.356	836.802
251.972	837.338
252.59	837.876
253.208	838.415
253.828	838.954
254.449	839.494
255.07	840.035
255.694	840.576
256.318	841.119
256.944	841.662
257.571	842.206
258.199	842.75
258.828	843.296
259.459	843.842
260.09	844.389
260.723	844.937
261.357	845.485
261.993	846.035
262.629	846.585
263.267	847.136
263.906	847.687
264.546	848.239
265.188	848.793
265.831	849.346
266.475	849.901
267.12	850.456
267.766	851.012
268.414	851.569
269.062	852.127
269.712	852.685
270.364	853.244
271.016	853.804
271.67	854.365
272.325	854.926
272.981	855.488
273.638	856.051
274.297	856.614
274.957	857.179
275.618	857.744
276.28	858.309
276.944	858.876
277.608	859.443
278.274	860.011
278.942	860.58
279.61	861.149
280.28	861.719
280.951	862.29
281.623	862.861
282.296	863.433
282.971	864.006
283.647	864.58
284.324	865.154
285.002	865.729
285.682	866.305
286.363	866.881
287.045	867.458
287.728	868.036
288.413	868.614
289.099	869.194
289.786	869.773
290.474	870.354
291.163	870.935
291.854	871.517
292.546	872.1
293.239	872.683
293.934	873.267
294.63	873.851
295.326	874.437
296.025	875.022
296.724	875.609
297.425	876.196
298.127	876.784
298.83	877.373
299.534	877.962
300.24	878.552
300.947	879.142
301.655	879.733
302.365	880.325
303.075	880.918
303.787	881.511
304.5	882.104
305.215	882.699
305.93	883.294
306.647	883.889
307.365	884.485
308.085	885.082
308.806	885.68
309.527	886.278
310.251	886.876
310.975	887.476
311.701	888.075
312.427	888.676
313.156	889.277
313.885	889.879
314.616	890.481
315.348	891.084
316.081	891.687
316.815	892.291
317.551	892.896
318.288	893.501
319.026	894.107
319.765	894.713
320.506	895.32
321.248	895.928
321.991	896.536
322.735	897.144
323.481	897.753
324.227	898.363
324.976	898.973
325.725	899.584
326.476	900.195
327.227	900.808
327.981	901.42
328.735	902.033
329.49	902.646
330.247	903.26
331.005	903.875
331.765	904.49
332.525	905.106
333.287	905.722
334.05	906.338
334.815	906.955
335.58	907.573
336.347	908.191
337.115	908.81
337.884	909.429
338.655	910.048
339.427	910.668
340.2	911.289
340.974	911.91
341.749	912.531
342.526	913.153
343.304	913.776
344.083	914.399
344.864	915.022
345.646	915.646
346.429	916.27
347.213	916.895
347.998	917.52
348.785	918.145
349.573	918.771
350.362	919.398
351.152	920.025
351.944	920.652
352.737	921.28
353.531	921.908
354.326	922.536
355.123	923.165
355.921	923.795
356.72	924.424
357.52	925.054
358.322	925.685
359.124	926.316
359.928	926.947
360.734	927.579
361.54	928.21
362.348	928.843
363.157	929.476
363.967	930.109
364.778	930.742
365.591	931.376
366.404	932.01
367.22	932.644
368.036	933.279
368.853	933.914
369.672	934.55
370.492	935.186
371.313	935.822
372.135	936.458
372.959	937.095
373.784	937.732
374.61	938.369
375.437	939.007
376.266	939.645
377.095	940.283
377.926	940.921
378.758	941.56
379.591	942.199
380.426	942.838
381.262	943.478
382.099	944.118
382.937	944.758
383.776	945.398
384.617	946.038
385.459	946.679
386.301	947.32
387.146	947.961
387.991	948.603
388.838	949.244
389.685	949.886
390.534	950.528
391.385	951.17
392.236	951.813
393.089	952.455
393.942	953.098
394.797	953.741
395.653	954.384
396.511	955.028
397.369	955.671
398.229	956.315
399.09	956.959
399.952	957.602
400.815	958.247
401.68	958.891
402.545	959.535
403.412	960.18
404.28	960.824
405.149	961.469
406.02	962.114
406.891	962.759
407.764	963.404
408.638	964.049
409.513	964.694
410.389	965.339
411.266	965.985
412.145	966.63
413.025	967.276
413.905	967.921
414.788	968.567
415.671	969.212
416.555	969.858
417.441	970.504
418.327	971.149
419.215	971.795
420.104	972.441
420.994	973.087
421.885	973.732
422.778	974.378
423.671	975.024
424.566	975.67
425.462	976.316
426.359	976.961
427.257	977.607
428.156	978.253
429.057	978.898
429.958	979.544
430.861	980.189
431.765	980.835
432.67	981.48
433.576	982.126
434.483	982.771
435.391	983.416
436.301	984.061
437.211	984.706
438.123	985.351
439.036	985.996
439.949	986.64
440.865	987.285
441.781	987.929
442.698	988.574
443.616	989.218
444.536	989.862
445.456	990.506
446.378	991.149
447.301	991.793
448.224	992.436
449.149	993.079
450.075	993.722
451.002	994.365
451.931	995.008
452.86	995.65
453.79	996.292
454.722	996.934
455.654	997.576
456.588	998.218
457.522	998.859
458.458	999.5
459.395	1000.14
460.333	1000.78
461.272	1001.42
462.212	1002.06
463.153	1002.7
464.095	1003.34
465.038	1003.98
465.983	1004.62
466.928	1005.26
467.874	1005.9
468.822	1006.53
469.77	1007.17
470.719	1007.81
471.67	1008.45
472.622	1009.08
473.574	1009.72
474.528	1010.35
475.483	1010.99
476.438	1011.63
477.395	1012.26
478.353	1012.89
479.311	1013.53
480.271	1014.16
481.232	1014.8
482.194	1015.43
483.157	1016.06
484.12	1016.69
485.085	1017.32
486.051	1017.96
487.018	1018.59
487.986	1019.22
488.955	1019.85
489.924	1020.48
490.895	1021.1
491.867	1021.73
492.84	1022.36
493.814	1022.99
494.788	1023.62
495.764	1024.24
496.741	1024.87
497.718	1025.49
498.697	1026.12
499.677	1026.74
500.657	1027.37
501.639	1027.99
502.621	1028.61
503.605	1029.24
504.589	1029.86
505.574	1030.48
506.561	1031.1
507.548	1031.72
508.536	1032.34
509.525	1032.96
510.515	1033.57
511.506	1034.19
512.498	1034.81
513.491	1035.43
514.484	1036.04
515.479	1036.66
516.474	1037.27
517.471	1037.88
518.468	1038.5
519.467	1039.11
520.466	1039.72
521.466	1040.33
522.467	1040.94
523.469	1041.55
524.471	1042.16
525.475	1042.77
526.48	1043.38
527.485	1043.98
528.491	1044.59
529.499	1045.2
530.507	1045.8
531.516	1046.4
532.525	1047.01
533.536	1047.61
534.547	1048.21
535.56	1048.81
536.573	1049.41
537.587	1050.01
538.602	1050.61
539.618	1051.21
540.634	1051.81
541.652	1052.4
542.67	1053
543.689	1053.59
544.709	1054.19
545.73	1054.78
546.751	1055.37
547.773	1055.96
548.797	1056.55
549.821	1057.14
550.845	1057.73
551.871	1058.32
552.897	1058.9
553.924	1059.49
554.952	1060.08
555.981	1060.66
557.011	1061.24
558.041	1061.83
559.072	1062.41
560.104	1062.99
561.136	1063.57
562.17	1064.15
563.204	1064.72
564.239	1065.3
565.275	1065.88
566.311	1066.45
567.348	1067.02
568.386	1067.6
569.425	1068.17
570.464	1068.74
571.504	1069.31
572.545	1069.88
573.587	1070.45
574.629	1071.01
575.672	1071.58
576.716	1072.14
577.76	1072.71
578.805	1073.27
579.851	1073.83
580.897	1074.39
581.945	1074.95
582.993	1075.51
584.041	1076.07
585.09	1076.63
586.14	1077.18
587.191	1077.74
588.242	1078.29
589.294	1078.84
590.347	1079.39
591.4	1079.94
592.454	1080.49
593.509	1081.04
594.564	1081.59
595.62	1082.13
596.676	1082.68
597.734	1083.22
598.791	1083.76
599.85	1084.3
600.909	1084.84
601.969	1085.38
603.029	1085.92
604.09	1086.45
605.151	1086.99
606.213	1087.52
607.276	1088.06
608.339	1088.59
609.403	1089.12
610.468	1089.65
611.533	1090.18
612.598	1090.7
613.665	1091.23
614.731	1091.75
615.799	1092.28
616.867	1092.8
617.935	1093.32
619.004	1093.84
620.074	1094.36
621.144	1094.87
622.214	1095.39
623.286	1095.9
624.357	1096.42
625.43	1096.93
626.502	1097.44
627.576	1097.95
628.649	1098.46
629.724	1098.97
630.799	1099.47
631.874	1099.98
632.95	1100.48
634.026	1100.98
635.103	1101.48
636.18	1101.98
637.258	1102.48
638.336	1102.98
639.415	1103.47
640.494	1103.97
641.574	1104.46
642.654	1104.95
643.734	1105.44
644.815	1105.93
645.897	1106.42
646.979	1106.9
648.061	1107.39
649.144	1107.87
650.227	1108.36
651.311	1108.84
652.395	1109.32
653.479	1109.79
654.564	1110.27
655.65	1110.75
656.735	1111.22
657.821	1111.69
658.908	1112.16
659.995	1112.64
661.082	1113.1
662.17	1113.57
663.258	1114.04
664.346	1114.5
665.435	1114.97
666.524	1115.43
667.613	1115.89
668.703	1116.35
669.793	1116.8
670.884	1117.26
671.974	1117.72
673.066	1118.17
674.157	1118.62
675.249	1119.07
676.341	1119.52
677.434	1119.97
678.526	1120.42
679.62	1120.86
680.713	1121.31
681.807	1121.75
682.9	1122.19
683.995	1122.63
685.089	1123.07
686.184	1123.51
687.279	1123.94
688.375	1124.37
689.47	1124.81
690.566	1125.24
691.662	1125.67
692.759	1126.1
693.855	1126.52
694.952	1126.95
696.049	1127.37
697.147	1127.8
698.244	1128.22
699.342	1128.64
700.44	1129.06
701.538	1129.47
702.637	1129.89
703.735	1130.3
704.834	1130.72
705.933	1131.13
707.032	1131.54
708.132	1131.95
709.231	1132.36
710.331	1132.76
711.431	1133.17
712.531	1133.57
713.632	1133.97
714.732	1134.37
715.832	1134.77
716.933	1135.17
718.034	1135.57
719.135	1135.96
720.236	1136.35
721.338	1136.75
722.439	1137.14
723.54	1137.53
724.642	1137.91
725.744	1138.3
726.846	1138.68
727.947	1139.07
729.05	1139.45
730.152	1139.83
731.254	1140.21
732.356	1140.59
733.458	1140.97
734.561	1141.34
735.664	1141.72
736.766	1142.09
737.869	1142.46
738.971	1142.83
740.074	1143.2
741.177	1143.56
742.28	1143.93
743.383	1144.3
744.485	1144.66
745.588	1145.02
746.691	1145.38
747.794	1145.74
748.897	1146.1
750	1146.45
751.103	1146.81
752.206	1147.16
753.309	1147.52
754.412	1147.87
755.515	1148.22
756.617	1148.56
757.72	1148.91
758.823	1149.26
759.926	1149.6
761.029	1149.95
762.131	1150.29
763.234	1150.63
764.336	1150.97
765.439	1151.31
766.541	1151.64
767.644	1151.98
768.746	1152.31
769.848	1152.64
770.95	1152.98
772.053	1153.31
773.154	1153.64
774.256	1153.96
775.358	1154.29
776.46	1154.62
777.561	1154.94
778.662	1155.26
779.764	1155.58
780.865	1155.91
781.966	1156.22
783.067	1156.54
784.168	1156.86
785.268	1157.17
786.369	1157.49
787.469	1157.8
788.569	1158.11
789.669	1158.43
790.769	1158.74
791.868	1159.04
792.968	1159.35
794.067	1159.66
795.166	1159.96
796.265	1160.27
797.363	1160.57
798.462	1160.87
799.56	1161.17
800.658	1161.47
801.756	1161.77
802.853	1162.07
803.951	1162.36
805.048	1162.66
806.145	1162.95
807.241	1163.24
808.338	1163.54
809.434	1163.83
810.53	1164.12
811.625	1164.4
812.721	1164.69
813.816	1164.98
814.911	1165.26
816.005	1165.55
817.099	1165.83
818.194	1166.11
819.287	1166.39
820.381	1166.67
821.474	1166.95
822.566	1167.23
823.659	1167.51
824.751	1167.79
825.843	1168.06
826.934	1168.34
828.025	1168.61
829.116	1168.88
830.207	1169.15
831.297	1169.42
832.387	1169.69
833.476	1169.96
834.565	1170.23
835.654	1170.5
836.742	1170.76
837.831	1171.03
838.918	1171.29
840.005	1171.55
841.092	1171.82
842.179	1172.08
843.265	1172.34
844.35	1172.6
845.436	1172.86
846.521	1173.12
847.605	1173.37
848.689	1173.63
849.773	1173.89
850.856	1174.14
851.939	1174.4
853.021	1174.65
854.103	1174.9
855.184	1175.15
856.266	1175.41
857.346	1175.66
858.426	1175.91
859.506	1176.16
860.585	1176.4
861.664	1176.65
862.742	1176.9
863.82	1177.14
864.897	1177.39
865.974	1177.63
867.05	1177.88
868.126	1178.12
869.201	1178.37
870.276	1178.61
871.351	1178.85
872.424	1179.09
873.498	1179.33
874.57	1179.57
875.643	1179.81
876.714	1180.05
877.786	1180.29
878.856	1180.52
879.926	1180.76
880.996	1181
882.065	1181.23
883.133	1181.47
884.201	1181.7
885.269	1181.94
886.335	1182.17
887.402	1182.4
888.467	1182.63
889.532	1182.87
890.597	1183.1
891.661	1183.33
892.724	1183.56
893.787	1183.79
894.849	1184.02
895.91	1184.25
896.971	1184.48
898.031	1184.71
899.091	1184.94
900.15	1185.16
901.209	1185.39
902.266	1185.62
903.324	1185.84
904.38	1186.07
905.436	1186.3
906.491	1186.52
907.546	1186.75
908.6	1186.97
909.653	1187.2
910.706	1187.42
911.758	1187.64
912.809	1187.87
913.86	1188.09
914.91	1188.31
915.959	1188.54
917.007	1188.76
918.055	1188.98
919.103	1189.2
920.149	1189.42
921.195	1189.65
922.24	1189.87
923.284	1190.09
924.328	1190.31
925.371	1190.53
926.413	1190.75
927.455	1190.97
928.496	1191.19
929.536	1191.41
930.575	1191.63
931.614	1191.85
932.652	1192.07
933.689	1192.29
934.725	1192.51
935.761	1192.73
936.796	1192.95
937.83	1193.16
938.864	1193.38
939.896	1193.6
940.928	1193.82
941.959	1194.04
942.989	1194.26
944.019	1194.48
945.048	1194.7
946.076	1194.91
947.103	1195.13
948.129	1195.35
949.155	1195.57
950.179	1195.79
951.203	1196.01
952.227	1196.22
953.249	1196.44
954.27	1196.66
955.291	1196.88
956.311	1197.1
957.33	1197.32
958.348	1197.54
959.366	1197.75
960.382	1197.97
961.398	1198.19
962.413	1198.41
963.427	1198.63
964.44	1198.85
965.453	1199.07
966.464	1199.29
967.475	1199.51
968.484	1199.73
969.493	1199.95
970.501	1200.17
971.509	1200.39
972.515	1200.61
973.52	1200.83
974.525	1201.05
975.529	1201.27
976.531	1201.49
977.533	1201.71
978.534	1201.93
979.534	1202.16
980.533	1202.38
981.532	1202.6
982.529	1202.82
983.526	1203.04
984.521	1203.27
985.516	1203.49
986.509	1203.71
987.502	1203.94
988.494	1204.16
989.485	1204.38
990.475	1204.61
991.464	1204.83
992.452	1205.06
993.439	1205.28
994.426	1205.51
995.411	1205.74
996.396	1205.96
997.379	1206.19
998.361	1206.41
999.343	1206.64
1000.32	1206.87
1001.3	1207.1
1002.28	1207.32
1003.26	1207.55
1004.24	1207.78
1005.21	1208.01
1006.19	1208.24
1007.16	1208.47
1008.13	1208.7
1009.1	1208.93
1010.08	1209.16
1011.05	1209.39
1012.01	1209.63
1012.98	1209.86
1013.95	1210.09
1014.91	1210.32
1015.88	1210.56
1016.84	1210.79
1017.81	1211.03
1018.77	1211.26
1019.73	1211.5
1020.69	1211.73
1021.65	1211.97
1022.61	1212.2
1023.56	1212.44
1024.52	1212.68
1025.47	1212.92
1026.43	1213.15
1027.38	1213.39
1028.33	1213.63
1029.28	1213.87
1030.23	1214.11
1031.18	1214.35
1032.13	1214.59
1033.07	1214.84
1034.02	1215.08
1034.96	1215.32
1035.9	1215.56
1036.85	1215.81
1037.79	1216.05
1038.73	1216.3
1039.67	1216.54
1040.6	1216.79
1041.54	1217.03
1042.48	1217.28
1043.41	1217.53
1044.35	1217.78
1045.28	1218.02
1046.21	1218.27
1047.14	1218.52
1048.07	1218.77
1049	1219.02
1049.92	1219.27
1050.85	1219.53
1051.78	1219.78
1052.7	1220.03
1053.62	1220.28
1054.54	1220.54
1055.46	1220.79
1056.38	1221.05
1057.3	1221.3
1058.22	1221.56
1059.14	1221.81
1060.05	1222.07
1060.96	1222.33
1061.88	1222.59
1062.79	1222.85
1063.7	1223.11
1064.61	1223.37
1065.52	1223.63
1066.42	1223.89
1067.33	1224.15
1068.24	1224.41
1069.14	1224.67
1070.04	1224.94
1070.94	1225.2
1071.84	1225.47
1072.74	1225.73
1073.64	1226
1074.54	1226.26
1075.43	1226.53
1076.33	1226.8
1077.22	1227.07
1078.11	1227.33
1079.01	1227.6
1079.9	1227.87
1080.79	1228.14
1081.67	1228.42
1082.56	1228.69
1083.44	1228.96
1084.33	1229.23
1085.21	1229.51
1086.09	1229.78
1086.98	1230.05
1087.86	1230.33
1088.73	1230.61
1089.61	1230.88
1090.49	1231.16
1091.36	1231.44
1092.24	1231.72
1093.11	1231.99
1093.98	1232.27
1094.85	1232.55
1095.72	1232.83
1096.59	1233.12
1097.45	1233.4
1098.32	1233.68
1099.18	1233.96
1100.05	1234.25
1100.91	1234.53
1101.77	1234.81
1102.63	1235.1
1103.49	1235.39
1104.35	1235.67
1105.2	1235.96
1106.06	1236.25
1106.91	1236.54
1107.76	1236.82
1108.62	1237.11
1109.47	1237.4
1110.31	1237.7
1111.16	1237.99
1112.01	1238.28
1112.85	1238.57
1113.7	1238.86
1114.54	1239.16
1115.38	1239.45
1116.22	1239.75
1117.06	1240.04
1117.9	1240.34
1118.74	1240.63
1119.57	1240.93
1120.41	1241.23
1121.24	1241.53
1122.07	1241.83
1122.9	1242.12
1123.73	1242.42
1124.56	1242.72
1125.39	1243.03
1126.22	1243.33
1127.04	1243.63
1127.86	1243.93
1128.69	1244.23
1129.51	1244.54
1130.33	1244.84
1131.15	1245.15
1131.96	1245.45
1132.78	1245.76
1133.6	1246.07
1134.41	1246.37
1135.22	1246.68
1136.03	1246.99
1136.84	1247.3
1137.65	1247.61
1138.46	1247.92
1139.27	1248.23
1140.07	1248.54
1140.88	1248.85
1141.68	1249.16
1142.48	1249.47
1143.28	1249.78
1144.08	1250.1
1144.88	1250.41
1145.67	1250.73
1146.47	1251.04
1147.26	1251.36
1148.06	1251.67
1148.85	1251.99
1149.64	1252.3
1150.43	1252.62
1151.22	1252.94
1152	1253.26
1152.79	1253.58
1153.57	1253.9
1154.35	1254.21
1155.14	1254.54
1155.92	1254.86
1156.7	1255.18
1157.47	1255.5
1158.25	1255.82
1159.03	1256.14
1159.8	1256.47
1160.57	1256.79
1161.35	1257.11
1162.12	1257.44
1162.89	1257.76
1163.65	1258.09
1164.42	1258.41
1165.19	1258.74
1165.95	1259.07
1166.71	1259.39
1167.47	1259.72
1168.24	1260.05
1168.99	1260.38
1169.75	1260.7
1170.51	1261.03
1171.27	1261.36
1172.02	1261.69
1172.77	1262.02
1173.52	1262.35
1174.28	1262.68
1175.02	1263.02
1175.77	1263.35
1176.52	1263.68
1177.27	1264.01
1178.01	1264.34
1178.75	1264.68
1179.49	1265.01
1180.23	1265.35
1180.97	1265.68
1181.71	1266.01
1182.45	1266.35
1183.18	1266.69
1183.92	1267.02
1184.65	1267.36
1185.38	1267.69
1186.11	1268.03
1186.84	1268.37
1187.57	1268.71
1188.3	1269.04
1189.03	1269.38
1189.75	1269.72
1190.47	1270.06
1191.19	1270.4
1191.92	1270.74
1192.63	1271.08
1193.35	1271.42
1194.07	1271.76
1194.79	1272.1
1195.5	1272.44
1196.21	1272.78
1196.92	1273.12
1197.64	1273.46
1198.34	1273.81
1199.05	1274.15
1199.76	1274.49
1200.47	1274.83
1201.17	1275.18
1201.87	1275.52
1202.58	1275.87
1203.28	1276.21
1203.98	1276.55
1204.67	1276.9
1205.37	1277.24
1206.07	1277.59
1206.76	1277.93
1207.45	1278.28
1208.15	1278.62
1208.84	1278.97
1209.53	1279.32
1210.21	1279.66
1210.9	1280.01
1211.59	1280.36
1212.27	1280.7
1212.96	1281.05
1213.64	1281.4
1214.32	1281.75
1215	1282.09
1215.68	1282.44
1216.35	1282.79
1217.03	1283.14
1217.7	1283.49
1218.38	1283.84
1219.05	1284.18
1219.72	1284.53
1220.39	1284.88
1221.06	1285.23
1221.73	1285.58
1222.39	1285.93
1223.06	1286.28
1223.72	1286.63
1224.38	1286.98
1225.04	1287.33
1225.7	1287.68
1226.36	1288.03
1227.02	1288.38
1227.68	1288.73
1228.33	1289.08
1228.98	1289.44
1229.64	1289.79
1230.29	1290.14
1230.94	1290.49
1231.59	1290.84
1232.23	1291.19
1232.88	1291.54
1233.53	1291.9
1234.17	1292.25
1234.81	1292.6
1235.45	1292.95
1236.09	1293.3
1236.73	1293.66
1237.37	1294.01
1238.01	1294.36
1238.64	1294.71
1239.28	1295.06
1239.91	1295.42
1240.54	1295.77
1241.17	1296.12
1241.8	1296.47
1242.43	1296.83
1243.06	1297.18
1243.68	1297.53
1244.31	1297.89
1244.93	1298.24
1245.55	1298.59
1246.17	1298.94
1246.79	1299.3
1247.41	1299.65
1248.03	1300
1248.64	1300.36
1249.26	1300.71
1249.87	1301.06
1250.48	1301.41
1251.1	1301.77
1251.71	1302.12
1252.31	1302.47
1252.92	1302.83
1253.53	1303.18
1254.13	1303.53
1254.74	1303.88
1255.34	1304.24
1255.94	1304.59
1256.54	1304.94
1257.14	1305.29
1257.74	1305.65
1258.34	1306
1258.93	1306.35
1259.53	1306.7
1260.12	1307.06
1260.71	1307.41
1261.3	1307.76
1261.89	1308.11
1262.48	1308.47
1263.07	1308.82
1263.65	1309.17
1264.24	1309.52
1264.82	1309.87
1265.41	1310.23
1265.99	1310.58
1266.57	1310.93
1267.15	1311.28
1267.73	1311.63
1268.3	1311.98
1268.88	1312.33
1269.45	1312.68
1270.03	1313.04
1270.6	1313.39
1271.17	1313.74
1271.74	1314.09
1272.31	1314.44
1272.87	1314.79
1273.44	1315.14
1274.01	1315.49
1274.57	1315.84
1275.13	1316.19
1275.69	1316.54
1276.25	1316.89
1276.81	1317.24
1277.37	1317.59
1277.93	1317.94
1278.48	1318.28
1279.04	1318.63
1279.59	1318.98
1280.15	1319.33
1280.7	1319.68
1281.25	1320.03
1281.8	1320.37
1282.34	1320.72
1282.89	1321.07
1283.44	1321.42
1283.98	1321.76
1284.52	1322.11
1285.07	1322.46
1285.61	1322.81
1286.15	1323.15
1286.69	1323.5
1287.22	1323.84
1287.76	1324.19
1288.3	1324.54
1288.83	1324.88
1289.36	1325.23
1289.89	1325.57
1290.43	1325.92
1290.95	1326.26
1291.48	1326.61
1292.01	1326.95
1292.54	1327.29
1293.06	1327.64
1293.59	1327.98
1294.11	1328.32
1294.63	1328.67
1295.15	1329.01
1295.67	1329.35
1296.19	1329.7
1296.71	1330.04
1297.22	1330.38
1297.74	1330.72
1298.25	1331.06
1298.77	1331.4
1299.28	1331.74
1299.79	1332.09
1300.3	1332.43
1300.81	1332.77
1301.32	1333.11
1301.82	1333.45
1302.33	1333.78
1302.83	1334.12
1303.33	1334.46
1303.84	1334.8
1304.34	1335.14
1304.84	1335.48
1305.34	1335.81
1305.83	1336.15
1306.33	1336.49
1306.83	1336.83
1307.32	1337.16
1307.81	1337.5
1308.31	1337.83
1308.8	1338.17
1309.29	1338.51
1309.78	1338.84
1310.26	1339.18
1310.75	1339.51
1311.24	1339.84
1311.72	1340.18
1312.21	1340.51
1312.69	1340.84
1313.17	1341.18
1313.65	1341.51
1314.13	1341.84
1314.61	1342.17
1315.09	1342.51
1315.56	1342.84
1316.04	1343.17
1316.51	1343.5
1316.98	1343.83
1317.46	1344.16
1317.93	1344.49
1318.4	1344.82
1318.87	1345.15
1319.33	1345.48
1319.8	1345.8
1320.27	1346.13
1320.73	1346.46
1321.2	1346.79
1321.66	1347.11
1322.12	1347.44
1322.58	1347.77
1323.04	1348.09
1323.5	1348.42
1323.96	1348.74
1324.41	1349.07
1324.87	1349.39
1325.32	1349.72
1325.78	1350.04
1326.23	1350.36
1326.68	1350.69
1327.13	1351.01
1327.58	1351.33
1328.03	1351.65
1328.48	1351.97
1328.92	1352.3
1329.37	1352.62
1329.81	1352.94
1330.25	1353.26
1330.7	1353.58
1331.14	1353.9
1331.58	1354.21
1332.02	1354.53
1332.46	1354.85
1332.89	1355.17
1333.33	1355.49
1333.76	1355.8
1334.2	1356.12
1334.63	1356.44
1335.06	1356.75
1335.5	1357.07
1335.93	1357.38
1336.35	1357.7
1336.78	1358.01
1337.21	1358.33
1337.64	1358.64
1338.06	1358.95
1338.49	1359.26
1338.91	1359.58
1339.33	1359.89
1339.75	1360.2
1340.17	1360.51
1340.59	1360.82
1341.01	1361.13
1341.43	1361.44
1341.85	1361.75
1342.26	1362.06
1342.68	1362.37
1343.09	1362.68
1343.5	1362.98
1343.92	1363.29
1344.33	1363.6
1344.74	1363.91
1345.14	1364.21
1345.55	1364.52
1345.96	1364.82
1346.37	1365.13
1346.77	1365.43
1347.17	1365.74
1347.58	1366.04
1347.98	1366.34
1348.38	1366.65
1348.78	1366.95
1349.18	1367.25
1349.58	1367.55
1349.98	1367.85
1350.37	1368.15
1350.77	1368.45
1351.16	1368.75
1351.56	1369.05
1351.95	1369.35
1352.34	1369.65
1352.73	1369.95
1353.12	1370.24
1353.51	1370.54
1353.9	1370.84
1354.29	1371.13
1354.68	1371.43
1355.06	1371.72
1355.45	1372.02
1355.83	1372.31
1356.21	1372.61
1356.59	1372.9
1356.98	1373.19
1357.36	1373.49
1357.74	1373.78
1358.11	1374.07
1358.49	1374.36
1358.87	1374.65
1359.24	1374.94
1359.62	1375.23
1359.99	1375.52
1360.36	1375.81
1360.74	1376.1
1361.11	1376.39
1361.48	1376.68
1361.85	1376.96
1362.22	1377.25
1362.58	1377.54
1362.95	1377.82
1363.32	1378.11
1363.68	1378.39
1364.04	1378.68
1364.41	1378.96
1364.77	1379.25
1365.13	1379.53
1365.49	1379.81
1365.85	1380.09
1366.21	1380.38
1366.57	1380.66
1366.93	1380.94
1367.28	1381.22
1367.64	1381.5
1367.99	1381.78
1368.35	1382.06
1368.7	1382.34
1369.05	1382.61
1369.4	1382.89
1369.75	1383.17
1370.1	1383.45
1370.45	1383.72
1370.8	1384
1371.14	1384.27
1371.49	1384.55
1371.84	1384.82
1372.18	1385.1
1372.52	1385.37
1372.87	1385.64
1373.21	1385.92
1373.55	1386.19
1373.89	1386.46
1374.23	1386.73
1374.57	1387
1374.9	1387.27
1375.24	1387.54
1375.58	1387.81
1375.91	1388.08
1376.25	1388.35
1376.58	1388.61
1376.91	1388.88
1377.24	1389.15
1377.58	1389.42
1377.91	1389.68
1378.24	1389.95
1378.56	1390.21
1378.89	1390.48
1379.22	1390.74
1379.55	1391
1379.87	1391.27
1380.2	1391.53
1380.52	1391.79
1380.84	1392.05
1381.16	1392.32
1381.49	1392.58
1381.81	1392.84
1382.13	1393.1
1382.45	1393.36
1382.76	1393.61
1383.08	1393.87
1383.4	1394.13
1383.71	1394.39
1384.03	1394.65
1384.34	1394.9
1384.66	1395.16
1384.97	1395.41
1385.28	1395.67
1385.59	1395.92
1385.9	1396.18
1386.21	1396.43
1386.52	1396.68
1386.83	1396.94
1387.14	1397.19
1387.44	1397.44
1387.75	1397.69
1388.05	1397.94
1388.36	1398.19
1388.66	1398.44
1388.97	1398.69
1389.27	1398.94
1389.57	1399.19
1389.87	1399.44
1390.17	1399.69
1390.47	1399.93
1390.77	1400.18
1391.06	1400.43
1391.36	1400.67
1391.66	1400.92
1391.95	1401.16
1392.25	1401.41
1392.54	1401.65
1392.83	1401.89
1393.13	1402.14
1393.42	1402.38
1393.71	1402.62
1394	1402.86
1394.29	1403.1
1394.58	1403.34
1394.86	1403.58
1395.15	1403.82
1395.44	1404.06
1395.72	1404.3
1396.01	1404.54
1396.29	1404.78
1396.58	1405.01
1396.86	1405.25
1397.14	1405.49
1397.42	1405.72
1397.7	1405.96
1397.98	1406.19
1398.26	1406.43
1398.54	1406.66
1398.82	1406.9
1399.1	1407.13
1399.37	1407.36
1399.65	1407.59
1399.92	1407.82
1400.2	1408.06
1400.47	1408.29
1400.74	1408.52
1401.02	1408.75
1401.29	1408.98
1401.56	1409.2
1401.83	1409.43
1402.1	1409.66
1402.37	1409.89
1402.64	1410.12
1402.9	1410.34
1403.17	1410.57
1403.44	1410.79
1403.7	1411.02
1403.97	1411.24
1404.23	1411.47
1404.49	1411.69
1404.76	1411.91
1405.02	1412.14
1405.28	1412.36
1405.54	1412.58
1405.8	1412.8
1406.06	1413.02
