58.374	60.5124
58.2783	60.4262
58.1827	60.3402
58.0871	60.2543
57.9916	60.1686
57.8963	60.083
57.801	59.9975
57.7059	59.9122
57.6108	59.827
57.5159	59.742
57.421	59.6571
57.3262	59.5723
57.2315	59.4877
57.137	59.4032
57.0425	59.3189
56.9481	59.2347
56.8538	59.1507
56.7597	59.0668
56.6656	58.983
56.5716	58.8994
56.4777	58.8159
56.3839	58.7326
56.2902	58.6494
56.1966	58.5664
56.1031	58.4835
56.0097	58.4007
55.9165	58.3181
55.8233	58.2357
55.7302	58.1533
55.6372	58.0712
55.5443	57.9892
55.4515	57.9073
55.3588	57.8256
55.2662	57.744
55.1737	57.6626
55.0813	57.5813
54.989	57.5002
54.8968	57.4192
54.8047	57.3383
54.7127	57.2577
54.6208	57.1771
54.529	57.0967
54.4373	57.0165
54.3457	56.9364
54.2542	56.8565
54.1628	56.7767
54.0715	56.6971
53.9803	56.6176
53.8892	56.5383
53.7982	56.4591
53.7073	56.3801
53.6165	56.3012
53.5258	56.2225
53.4352	56.1439
53.3447	56.0655
53.2543	55.9873
53.164	55.9092
53.0738	55.8312
52.9838	55.7534
52.8938	55.6758
52.8039	55.5983
52.7141	55.521
52.6244	55.4438
52.5349	55.3668
52.4454	55.2899
52.356	55.2132
52.2667	55.1367
52.1776	55.0603
52.0885	54.9841
51.9995	54.908
51.9107	54.8321
51.8219	54.7563
51.7332	54.6807
51.6447	54.6053
51.5562	54.53
51.4679	54.4549
51.3796	54.38
51.2915	54.3052
51.2034	54.2305
51.1155	54.156
51.0276	54.0817
50.9399	54.0076
50.8522	53.9336
50.7647	53.8597
50.6773	53.7861
50.5899	53.7126
50.5027	53.6392
50.4156	53.566
50.3286	53.493
50.2416	53.4202
50.1548	53.3475
50.0681	53.275
49.9815	53.2026
49.895	53.1304
49.8086	53.0584
49.7223	52.9865
49.6361	52.9148
49.55	52.8433
49.464	52.7719
49.3781	52.7007
49.2923	52.6297
49.2067	52.5588
49.1211	52.4881
49.0356	52.4175
48.9502	52.3472
48.865	52.277
48.7798	52.207
48.6947	52.1371
48.6098	52.0674
48.5249	51.9979
48.4402	51.9285
48.3555	51.8593
48.271	51.7903
48.1866	51.7215
48.1022	51.6528
48.018	51.5843
47.9339	51.516
47.8499	51.4478
47.7659	51.3799
47.6821	51.3121
47.5984	51.2444
47.5148	51.177
47.4313	51.1097
47.3479	51.0426
47.2646	50.9756
47.1814	50.9088
47.0983	50.8422
47.0154	50.7758
46.9325	50.7096
46.8497	50.6435
46.767	50.5776
46.6845	50.5119
46.602	50.4464
46.5196	50.381
46.4374	50.3158
46.3552	50.2508
46.2732	50.186
46.1913	50.1213
46.1094	50.0568
46.0277	49.9925
45.9461	49.9284
45.8645	49.8645
45.7831	49.8007
45.7018	49.7371
45.6206	49.6737
45.5395	49.6105
45.4585	49.5475
45.3776	49.4846
45.2968	49.422
45.2161	49.3595
45.1355	49.2971
45.055	49.235
44.9747	49.1731
44.8944	49.1113
44.8142	49.0497
44.7341	48.9883
44.6542	48.9271
44.5743	48.8661
44.4946	48.8052
44.4149	48.7446
44.3354	48.6841
44.256	48.6238
44.1766	48.5637
44.0974	48.5038
44.0183	48.444
43.9393	48.3845
43.8603	48.3251
43.7815	48.266
43.7028	48.207
43.6242	48.1482
43.5457	48.0896
43.4673	48.0312
43.389	47.9729
43.3109	47.9149
43.2328	47.857
43.1548	47.7994
43.0769	47.7419
42.9992	47.6846
42.9215	47.6275
42.8439	47.5706
42.7665	47.5139
42.6891	47.4574
42.6119	47.4011
42.5347	47.345
42.4577	47.289
42.3808	47.2333
42.3039	47.1777
42.2272	47.1224
42.1506	47.0672
42.0741	47.0122
41.9977	46.9575
41.9214	46.9029
41.8452	46.8485
41.7691	46.7943
41.6931	46.7403
41.6172	46.6865
41.5414	46.6329
41.4657	46.5795
41.3901	46.5263
41.3146	46.4733
41.2393	46.4205
41.164	46.3679
41.0888	46.3155
41.0138	46.2633
40.9388	46.2113
40.864	46.1595
40.7892	46.1079
40.7146	46.0564
40.64	46.0052
40.5656	45.9542
40.4913	45.9034
40.417	45.8528
40.3429	45.8024
40.2689	45.7522
40.195	45.7022
40.1212	45.6524
40.0474	45.6028
39.9738	45.5534
39.9003	45.5043
39.8269	45.4553
39.7536	45.4065
39.6804	45.358
39.6073	45.3096
39.5344	45.2614
39.4615	45.2135
39.3887	45.1658
39.316	45.1182
39.2434	45.0709
39.171	45.0238
39.0986	44.9769
39.0263	44.9302
38.9542	44.8837
38.8821	44.8374
38.8102	44.7913
38.7383	44.7455
38.6666	44.6998
38.5949	44.6544
38.5234	44.6091
38.4519	44.5641
38.3806	44.5193
38.3094	44.4747
38.2382	44.4303
38.1672	44.3862
38.0963	44.3422
38.0255	44.2985
37.9547	44.2549
37.8841	44.2116
37.8136	44.1685
37.7432	44.1257
37.6729	44.083
37.6027	44.0405
37.5326	43.9983
37.4625	43.9563
37.3926	43.9145
37.3228	43.8729
37.2531	43.8315
37.1836	43.7904
37.1141	43.7494
37.0447	43.7087
36.9754	43.6682
36.9062	43.628
36.8371	43.5879
36.7681	43.5481
36.6992	43.5085
36.6305	43.4691
36.5618	43.4299
36.4932	43.391
36.4247	43.3522
36.3563	43.3137
36.2881	43.2755
36.2199	43.2374
36.1518	43.1996
36.0839	43.162
36.016	43.1246
35.9482	43.0874
35.8806	43.0505
35.813	43.0138
35.7455	42.9773
35.6782	42.941
35.6109	42.905
35.5438	42.8692
35.4767	42.8336
35.4098	42.7983
35.3429	42.7632
35.2761	42.7283
35.2095	42.6936
35.1429	42.6592
35.0765	42.625
35.0101	42.591
34.9439	42.5573
34.8777	42.5238
34.8117	42.4905
34.7457	42.4575
34.6799	42.4246
34.6141	42.3921
34.5485	42.3597
34.4829	42.3276
34.4175	42.2957
34.3521	42.2641
34.2868	42.2327
34.2217	42.2015
34.1566	42.1706
34.0917	42.1399
34.0268	42.1094
33.9621	42.0792
33.8974	42.0492
33.8329	42.0194
33.7684	41.9899
33.7041	41.9606
33.6398	41.9316
33.5757	41.9028
33.5116	41.8742
33.4476	41.8459
33.3838	41.8178
33.32	41.79
33.2564	41.7624
33.1928	41.735
33.1293	41.7079
33.066	41.681
33.0027	41.6544
32.9395	41.628
32.8764	41.6019
32.8135	41.576
32.7506	41.5503
32.6878	41.5249
32.6251	41.4997
32.5626	41.4748
32.5001	41.4501
32.4377	41.4257
32.3754	41.4015
32.3132	41.3776
32.2511	41.3539
32.1891	41.3305
32.1273	41.3073
32.0655	41.2843
32.0038	41.2616
31.9422	41.2392
31.8806	41.217
31.8192	41.1951
31.7579	41.1734
31.6967	41.1519
31.6356	41.1308
31.5746	41.1098
31.5137	41.0891
31.4528	41.0687
31.3921	41.0485
31.3315	41.0286
31.2709	41.0089
31.2105	40.9895
31.1502	40.9704
31.0899	40.9515
31.0298	40.9328
30.9697	40.9144
30.9097	40.8963
30.8499	40.8784
30.7901	40.8608
30.7305	40.8435
30.6709	40.8264
30.6114	40.8095
30.552	40.7929
30.4927	40.7766
30.4335	40.7606
30.3744	40.7448
30.3154	40.7292
30.2565	40.7139
30.1977	40.6989
30.139	40.6842
30.0804	40.6697
30.0219	40.6554
29.9634	40.6415
29.9051	40.6278
29.8469	40.6143
29.7887	40.6012
29.7307	40.5883
29.6727	40.5756
29.6149	40.5633
29.5571	40.5512
29.4994	40.5393
29.4418	40.5277
29.3843	40.5164
29.327	40.5054
29.2697	40.4946
29.2125	40.4841
29.1553	40.4739
29.0983	40.4639
29.0414	40.4543
28.9846	40.4448
28.9278	40.4357
28.8712	40.4268
28.8147	40.4182
28.7582	40.4099
28.7018	40.4018
28.6456	40.394
28.5894	40.3865
28.5333	40.3793
28.4773	40.3723
28.4214	40.3656
28.3656	40.3592
28.3099	40.3531
28.2543	40.3472
28.1988	40.3417
28.1433	40.3364
28.088	40.3313
28.0327	40.3266
27.9776	40.3221
27.9225	40.3179
27.8675	40.314
27.8126	40.3104
27.7578	40.307
27.7031	40.304
27.6485	40.3012
27.594	40.2987
27.5396	40.2964
27.4852	40.2945
27.431	40.2928
27.3768	40.2914
27.3228	40.2903
27.2688	40.2895
27.2149	40.289
27.1611	40.2888
27.1074	40.2888
27.0538	40.2891
27.0003	40.2897
26.9469	40.2906
26.8935	40.2918
26.8403	40.2933
26.7871	40.2951
26.7341	40.2971
26.6811	40.2995
26.6282	40.3021
26.5754	40.305
26.5227	40.3082
26.4701	40.3117
26.4175	40.3155
26.3651	40.3196
26.3127	40.3239
26.2605	40.3286
26.2083	40.3335
26.1562	40.3388
26.1042	40.3443
26.0523	40.3502
26.0005	40.3563
25.9487	40.3627
25.8971	40.3694
25.8455	40.3764
25.7941	40.3837
25.7427	40.3913
25.6914	40.3992
25.6402	40.4074
25.5891	40.4159
25.5381	40.4247
25.4871	40.4338
25.4363	40.4432
25.3855	40.4528
25.3348	40.4628
25.2843	40.4731
25.2337	40.4837
25.1833	40.4946
25.133	40.5057
25.0828	40.5172
25.0326	40.529
24.9825	40.5411
24.9326	40.5535
24.8827	40.5661
24.8329	40.5791
24.7831	40.5924
24.7335	40.606
24.684	40.6199
24.6345	40.6341
24.5851	40.6486
24.5358	40.6634
24.4866	40.6786
24.4375	40.694
24.3885	40.7097
24.3395	40.7257
24.2907	40.7421
24.2419	40.7587
24.1932	40.7757
24.1446	40.793
24.0961	40.8105
24.0476	40.8284
23.9993	40.8466
23.951	40.8651
23.9028	40.8839
23.8547	40.903
23.8067	40.9225
23.7588	40.9422
23.7109	40.9622
23.6632	40.9826
23.6155	41.0033
23.5679	41.0243
23.5204	41.0456
23.473	41.0672
23.4256	41.0891
23.3784	41.1113
23.3312	41.1339
23.2841	41.1567
23.2371	41.1799
23.1902	41.2034
23.1433	41.2272
23.0965	41.2513
23.0499	41.2758
23.0033	41.3005
22.9568	41.3256
22.9103	41.351
22.864	41.3767
22.8177	41.4027
22.7715	41.429
22.7254	41.4557
22.6794	41.4826
22.6335	41.5099
22.5876	41.5375
22.5419	41.5655
22.4962	41.5937
22.4506	41.6223
22.405	41.6512
22.3596	41.6804
22.3142	41.7099
22.2689	41.7397
22.2237	41.7699
22.1786	41.8004
22.1336	41.8312
22.0886	41.8623
22.0437	41.8938
21.9989	41.9255
21.9542	41.9576
21.9096	41.99
21.865	42.0228
21.8205	42.0558
21.7761	42.0892
21.7318	42.1229
21.6876	42.157
21.6434	42.1913
21.5993	42.226
21.5553	42.261
21.5114	42.2963
21.4676	42.332
21.4238	42.368
21.3801	42.4043
21.3365	42.4409
21.293	42.4778
21.2495	42.5151
21.2062	42.5527
21.1629	42.5907
21.1197	42.6289
21.0765	42.6675
21.0335	42.7064
20.9905	42.7456
20.9476	42.7852
20.9048	42.8251
20.862	42.8653
20.8194	42.9059
20.7768	42.9467
20.7343	42.9879
20.6918	43.0295
20.6495	43.0713
20.6072	43.1135
20.565	43.156
20.5229	43.1989
20.4808	43.2421
20.4389	43.2856
20.397	43.3294
20.3552	43.3736
20.3134	43.418
20.2718	43.4629
20.2302	43.508
20.1887	43.5535
20.1472	43.5993
20.1059	43.6454
20.0646	43.6919
20.0234	43.7387
19.9823	43.7858
19.9412	43.8333
19.9002	43.8811
19.8593	43.9292
19.8185	43.9776
19.7777	44.0264
19.7371	44.0755
19.6965	44.125
19.6559	44.1748
19.6155	44.2249
19.5751	44.2753
19.5348	44.3261
19.4946	44.3772
19.4544	44.4286
19.4143	44.4803
19.3743	44.5324
19.3344	44.5848
19.2945	44.6376
19.2547	44.6907
19.215	44.7441
19.1754	44.7978
19.1358	44.8519
19.0963	44.9063
19.0569	44.9611
19.0176	45.0161
18.9783	45.0715
18.9391	45.1273
18.9	45.1833
18.8609	45.2397
18.8219	45.2964
18.783	45.3535
18.7442	45.4109
18.7054	45.4686
18.6668	45.5266
18.6281	45.585
18.5896	45.6437
18.5511	45.7028
18.5127	45.7621
18.4744	45.8218
18.4361	45.8818
18.3979	45.9422
18.3598	46.0029
18.3218	46.0639
18.2838	46.1253
18.2459	46.1869
18.2081	46.249
18.1703	46.3113
18.1326	46.374
18.095	46.4369
18.0575	46.5003
18.02	46.5639
17.9826	46.6279
17.9453	46.6922
17.908	46.7569
17.8708	46.8218
17.8337	46.8871
17.7966	46.9527
17.7596	47.0187
17.7227	47.085
17.6859	47.1516
17.6491	47.2185
17.6124	47.2857
17.5758	47.3533
17.5392	47.4212
17.5027	47.4895
17.4663	47.558
17.4299	47.6269
17.3936	47.6961
17.3574	47.7657
17.3212	47.8355
17.2852	47.9057
17.2491	47.9762
17.2132	48.0471
17.1773	48.1182
17.1415	48.1897
17.1058	48.2615
17.0701	48.3337
17.0345	48.4061
16.9989	48.4789
16.9635	48.552
16.9281	48.6254
16.8927	48.6991
16.8574	48.7732
16.8222	48.8476
16.7871	48.9223
16.752	48.9973
16.717	49.0726
16.6821	49.1483
16.6472	49.2243
16.6124	49.3006
16.5777	49.3772
16.543	49.4541
16.5084	49.5313
16.4739	49.6089
16.4394	49.6868
16.405	49.765
16.3707	49.8435
16.3364	49.9223
16.3022	50.0015
16.268	50.0809
16.234	50.1607
16.2	50.2408
16.166	50.3211
16.1321	50.4018
16.0983	50.4829
16.0646	50.5642
16.0309	50.6458
15.9973	50.7278
15.9637	50.81
15.9302	50.8926
15.8968	50.9755
15.8634	51.0587
15.8301	51.1422
15.7969	51.226
15.7637	51.3101
15.7306	51.3945
15.6976	51.4792
15.6646	51.5642
15.6317	51.6495
15.5988	51.7351
15.5661	51.8211
15.5333	51.9073
15.5007	51.9938
15.4681	52.0807
15.4355	52.1678
15.4031	52.2553
15.3707	52.343
15.3383	52.431
15.306	52.5193
15.2738	52.608
15.2417	52.6969
15.2096	52.7861
15.1775	52.8756
15.1456	52.9655
15.1136	53.0556
15.0818	53.146
15.05	53.2366
15.0183	53.3276
14.9866	53.4189
14.955	53.5105
14.9235	53.6023
14.892	53.6945
14.8606	53.7869
14.8293	53.8796
14.798	53.9726
14.7667	54.0659
14.7356	54.1595
14.7045	54.2533
14.6734	54.3475
14.6424	54.4419
14.6115	54.5366
14.5806	54.6316
14.5498	54.7268
14.5191	54.8224
14.4884	54.9182
14.4578	55.0143
14.4272	55.1107
14.3967	55.2073
14.3662	55.3043
14.3359	55.4015
14.3055	55.499
14.2753	55.5967
14.245	55.6947
14.2149	55.793
14.1848	55.8916
14.1548	55.9904
14.1248	56.0895
14.0949	56.1889
14.065	56.2885
14.0352	56.3884
14.0055	56.4886
13.9758	56.589
13.9462	56.6897
13.9166	56.7906
13.8871	56.8918
13.8577	56.9933
13.8283	57.095
13.799	57.197
13.7697	57.2992
13.7405	57.4017
13.7113	57.5045
13.6822	57.6075
13.6532	57.7107
13.6242	57.8142
13.5953	57.918
13.5664	58.022
13.5376	58.1262
13.5088	58.2307
13.4801	58.3355
13.4515	58.4405
13.4229	58.5457
13.3944	58.6512
13.3659	58.7569
13.3375	58.8629
13.3091	58.9691
13.2808	59.0755
13.2526	59.1822
13.2244	59.2891
13.1963	59.3962
13.1682	59.5036
13.1402	59.6112
13.1122	59.7191
13.0843	59.8271
13.0564	59.9354
13.0286	60.044
13.0009	60.1527
12.9732	60.2617
12.9456	60.3709
12.918	60.4804
12.8905	60.59
12.863	60.6999
12.8356	60.81
12.8082	60.9203
12.7809	61.0308
12.7536	61.1416
12.7264	61.2525
12.6993	61.3637
12.6722	61.4751
12.6452	61.5867
12.6182	61.6985
12.5913	61.8105
12.5644	61.9227
12.5376	62.0351
12.5108	62.1478
12.4841	62.2606
12.4574	62.3737
12.4308	62.4869
12.4043	62.6003
12.3778	62.714
12.3513	62.8278
12.3249	62.9418
12.2986	63.0561
12.2723	63.1705
12.2461	63.2851
12.2199	63.3999
12.1938	63.5149
12.1677	63.63
12.1417	63.7454
12.1157	63.861
12.0898	63.9767
12.0639	64.0926
12.0381	64.2087
12.0123	64.325
11.9866	64.4414
11.9609	64.558
11.9353	64.6748
11.9098	64.7918
11.8843	64.9089
11.8588	65.0263
11.8334	65.1437
11.808	65.2614
11.7827	65.3792
11.7575	65.4972
11.7323	65.6154
11.7071	65.7337
11.682	65.8521
11.657	65.9708
11.632	66.0896
11.6071	66.2085
11.5822	66.3276
11.5573	66.4469
11.5325	66.5663
11.5078	66.6858
11.4831	66.8056
11.4584	66.9254
11.4338	67.0454
11.4093	67.1656
11.3848	67.2858
11.3603	67.4063
11.3359	67.5268
11.3116	67.6476
11.2873	67.7684
11.2631	67.8894
11.2389	68.0105
11.2147	68.1318
11.1906	68.2531
11.1665	68.3746
11.1425	68.4963
11.1186	68.618
11.0947	68.7399
11.0708	68.862
11.047	68.9841
11.0232	69.1064
10.9995	69.2287
10.9759	69.3512
10.9522	69.4738
10.9287	69.5965
10.9052	69.7194
10.8817	69.8423
10.8583	69.9654
10.8349	70.0886
10.8115	70.2118
10.7883	70.3352
10.765	70.4587
10.7418	70.5823
10.7187	70.7059
10.6956	70.8297
10.6726	70.9536
10.6496	71.0776
10.6266	71.2016
10.6037	71.3258
10.5808	71.4501
10.558	71.5744
10.5353	71.6988
10.5125	71.8233
10.4899	71.9479
10.4672	72.0726
10.4447	72.1974
10.4221	72.3222
10.3996	72.4471
10.3772	72.5721
10.3548	72.6972
10.3325	72.8223
10.3102	72.9476
10.2879	73.0728
10.2657	73.1982
10.2435	73.3236
10.2214	73.4491
10.1993	73.5747
10.1773	73.7003
10.1553	73.8259
10.1334	73.9517
10.1115	74.0775
10.0896	74.2033
10.0678	74.3292
10.046	74.4551
10.0243	74.5811
10.0026	74.7072
9.98102	74.8333
9.95943	74.9594
9.93789	75.0856
9.9164	75.2119
9.89495	75.3381
9.87354	75.4644
9.85218	75.5908
9.83086	75.7172
9.80958	75.8436
9.78835	75.97
9.76717	76.0965
9.74602	76.223
9.72492	76.3496
9.70387	76.4762
9.68285	76.6027
9.66188	76.7294
9.64095	76.856
9.62007	76.9827
9.59923	77.1093
9.57843	77.236
9.55768	77.3628
9.53697	77.4895
9.5163	77.6162
9.49567	77.743
9.47508	77.8697
9.45455	77.9965
9.43404	78.1233
9.41359	78.25
9.39317	78.3768
9.3728	78.5036
9.35247	78.6304
9.33218	78.7571
9.31194	78.8839
9.29173	79.0107
9.27157	79.1374
9.25145	79.2642
9.23137	79.3909
9.21134	79.5177
9.19134	79.6444
9.17138	79.7711
9.15147	79.8978
9.1316	80.0245
9.11177	80.1511
9.09198	80.2778
9.07223	80.4044
9.05252	80.5309
9.03286	80.6575
9.01323	80.784
8.99365	80.9105
8.9741	81.037
8.9546	81.1635
8.93513	81.2899
8.91571	81.4162
8.89633	81.5426
8.87699	81.6689
8.85769	81.7951
8.83842	81.9214
8.8192	82.0475
8.80002	82.1737
8.78088	82.2998
8.76177	82.4258
8.74271	82.5518
8.72369	82.6778
8.70471	82.8037
8.68576	82.9295
8.66686	83.0553
8.64799	83.181
8.62917	83.3067
8.61038	83.4323
8.59163	83.5579
8.57293	83.6834
8.55426	83.8088
8.53563	83.9342
8.51704	84.0595
8.49848	84.1847
8.47997	84.3099
8.4615	84.435
8.44306	84.56
8.42466	84.685
8.4063	84.8098
8.38798	84.9346
8.3697	85.0593
8.35145	85.184
8.33325	85.3086
8.31508	85.433
8.29695	85.5574
8.27885	85.6818
8.2608	85.806
8.24278	85.9301
8.2248	86.0542
8.20686	86.1782
8.18896	86.302
8.17109	86.4258
8.15326	86.5495
8.13547	86.6731
8.11771	86.7966
8.1	86.92
8.08231	87.0433
8.06467	87.1665
8.04706	87.2896
8.0295	87.4126
8.01196	87.5355
7.99447	87.6583
7.97701	87.7809
7.95959	87.9035
7.9422	88.026
7.92485	88.1483
7.90754	88.2706
7.89026	88.3927
7.87302	88.5147
7.85582	88.6366
7.83865	88.7584
7.82151	88.88
7.80442	89.0016
7.78736	89.123
7.77033	89.2443
7.75334	89.3654
7.73639	89.4865
7.71947	89.6074
7.70259	89.7282
7.68575	89.8488
7.66894	89.9694
7.65216	90.0898
7.63542	90.2101
7.61872	90.3302
7.60205	90.4502
7.58541	90.5701
7.56881	90.6898
7.55225	90.8094
7.53572	90.9289
7.51922	91.0482
7.50277	91.1673
7.48634	91.2864
7.46995	91.4053
7.45359	91.524
7.43727	91.6426
7.42098	91.7611
7.40473	91.8794
7.38851	91.9975
7.37233	92.1155
7.35618	92.2334
7.34006	92.3511
7.32398	92.4686
7.30793	92.586
7.29192	92.7033
7.27594	92.8204
7.25999	92.9373
7.24408	93.0541
7.2282	93.1707
7.21236	93.2871
7.19654	93.4034
7.18077	93.5195
7.16502	93.6355
7.14931	93.7513
7.13363	93.8669
7.11799	93.9824
7.10237	94.0977
7.08679	94.2128
7.07125	94.3278
7.05573	94.4426
7.04025	94.5572
7.02481	94.6717
7.00939	94.7859
6.99401	94.9
6.97866	95.014
6.96334	95.1277
6.94806	95.2413
6.9328	95.3547
6.91758	95.4679
6.90239	95.5809
6.88724	95.6938
6.87212	95.8065
6.85703	95.919
6.84196	96.0313
6.82694	96.1434
6.81194	96.2554
6.79698	96.3672
6.78205	96.4787
6.76715	96.5901
6.75228	96.7013
6.73744	96.8123
6.72264	96.9232
6.70786	97.0338
6.69312	97.1443
6.67841	97.2545
6.66373	97.3646
6.64908	97.4744
6.63446	97.5841
6.61988	97.6936
6.60532	97.8029
6.5908	97.912
6.5763	98.0209
6.56184	98.1296
6.54741	98.2381
6.53301	98.3464
6.51864	98.4545
6.5043	98.5624
6.48999	98.6701
6.47571	98.7776
6.46146	98.8849
6.44724	98.992
6.43305	99.0989
6.4189	99.2056
6.40477	99.3121
6.39067	99.4183
6.3766	99.5244
6.36257	99.6303
6.34856	99.736
6.33458	99.8414
6.32063	99.9466
6.30672	100.052
6.29283	100.157
6.27897	100.261
6.26514	100.366
6.25134	100.47
6.23757	100.574
6.22383	100.678
6.21012	100.781
6.19644	100.884
6.18279	100.988
6.16916	101.09
6.15557	101.193
6.142	101.296
6.12847	101.398
6.11496	101.5
6.10148	101.602
6.08803	101.703
6.07461	101.805
6.06122	101.906
6.04785	102.007
6.03452	102.108
6.02121	102.208
6.00793	102.309
5.99469	102.409
5.98146	102.509
5.96827	102.608
5.95511	102.708
5.94197	102.807
5.92886	102.906
5.91578	103.005
5.90273	103.103
5.88971	103.202
5.87671	103.3
5.86374	103.398
5.8508	103.495
5.83789	103.593
5.825	103.69
5.81214	103.787
5.79931	103.884
5.78651	103.98
5.77374	104.076
5.76099	104.172
5.74827	104.268
5.73558	104.364
5.72291	104.459
5.71027	104.554
5.69766	104.649
5.68508	104.744
5.67252	104.839
5.65999	104.933
5.64748	105.027
5.63501	105.121
5.62256	105.214
5.61013	105.308
5.59774	105.401
5.58537	105.494
5.57303	105.586
5.56071	105.679
5.54842	105.771
5.53616	105.863
5.52392	105.955
5.51171	106.046
5.49952	106.137
5.48736	106.228
5.47523	106.319
5.46313	106.41
5.45105	106.5
5.43899	106.59
5.42696	106.68
5.41496	106.77
5.40298	106.859
5.39103	106.948
5.37911	107.037
5.36721	107.126
5.35534	107.214
5.34349	107.303
5.33167	107.391
5.31987	107.478
5.3081	107.566
5.29635	107.653
5.28463	107.74
5.27293	107.827
5.26126	107.914
5.24962	108
5.238	108.086
5.2264	108.172
5.21483	108.258
5.20329	108.343
5.19177	108.429
5.18027	108.514
5.1688	108.598
5.15735	108.683
5.14593	108.767
5.13454	108.851
5.12317	108.935
5.11182	109.019
5.1005	109.102
5.0892	109.185
5.07792	109.268
5.06667	109.351
5.05545	109.433
5.04425	109.515
5.03307	109.597
5.02192	109.679
5.01079	109.76
4.99969	109.842
4.98861	109.923
4.97755	110.003
4.96652	110.084
4.95551	110.164
4.94452	110.244
4.93356	110.324
4.92263	110.404
4.91171	110.483
4.90082	110.562
4.88995	110.641
4.87911	110.72
4.86829	110.798
4.8575	110.877
4.84672	110.955
4.83597	111.032
4.82525	111.11
4.81454	111.187
4.80387	111.264
4.79321	111.341
4.78258	111.418
4.77196	111.494
4.76138	111.57
4.75081	111.646
4.74027	111.722
4.72975	111.797
4.71926	111.873
4.70878	111.948
4.69833	112.022
4.6879	112.097
4.6775	112.171
4.66712	112.245
4.65676	112.319
4.64642	112.393
4.6361	112.466
4.62581	112.539
4.61554	112.612
4.60529	112.685
4.59507	112.757
4.58486	112.83
4.57468	112.902
4.56452	112.974
4.55438	113.045
4.54427	113.116
4.53418	113.188
4.5241	113.259
4.51406	113.329
4.50403	113.4
4.49402	113.47
4.48404	113.54
4.47407	113.61
4.46413	113.679
4.45421	113.749
4.44432	113.818
4.43444	113.887
4.42459	113.955
4.41475	114.024
4.40494	114.092
4.39515	114.16
4.38538	114.228
4.37563	114.295
4.36591	114.362
4.3562	114.43
4.34652	114.496
4.33685	114.563
4.32721	114.63
4.31759	114.696
4.30799	114.762
4.29841	114.828
4.28885	114.893
4.27931	114.959
4.26979	115.024
4.2603	115.089
4.25082	115.153
4.24137	115.218
4.23193	115.282
4.22252	115.346
4.21313	115.41
4.20375	115.474
4.1944	115.537
4.18507	115.6
4.17576	115.663
4.16646	115.726
4.15719	115.788
4.14794	115.851
4.13871	115.913
4.1295	115.975
4.12031	116.036
4.11114	116.098
4.10199	116.159
4.09286	116.22
4.08375	116.281
4.07466	116.342
4.06559	116.402
4.05653	116.462
4.0475	116.522
4.03849	116.582
4.0295	116.642
4.02053	116.701
4.01157	116.76
4.00264	116.819
3.99373	116.878
3.98483	116.937
3.97596	116.995
3.9671	117.053
3.95827	117.111
3.94945	117.169
3.94065	117.226
3.93187	117.283
3.92311	117.341
3.91437	117.398
3.90565	117.454
3.89695	117.511
3.88827	117.567
3.8796	117.623
3.87096	117.679
3.86233	117.735
3.85373	117.79
3.84514	117.846
3.83657	117.901
3.82802	117.955
3.81949	118.01
3.81097	118.065
3.80248	118.119
3.794	118.173
3.78554	118.227
3.7771	118.281
3.76868	118.334
3.76028	118.388
3.7519	118.441
3.74353	118.494
3.73518	118.546
3.72685	118.599
3.71854	118.651
3.71025	118.703
3.70198	118.755
3.69372	118.807
3.68548	118.859
3.67726	118.91
3.66906	118.961
3.66088	119.012
3.65271	119.063
3.64456	119.114
3.63643	119.164
3.62832	119.214
3.62022	119.264
3.61215	119.314
3.60409	119.364
3.59605	119.413
3.58802	119.463
3.58002	119.512
3.57203	119.561
3.56406	119.61
3.5561	119.658
3.54817	119.707
3.54025	119.755
3.53234	119.803
3.52446	119.851
3.51659	119.898
3.50874	119.946
3.50091	119.993
3.4931	120.04
3.4853	120.087
3.47752	120.134
3.46975	120.18
3.46201	120.227
3.45428	120.273
3.44656	120.319
3.43887	120.365
3.43119	120.41
3.42353	120.456
3.41588	120.501
3.40825	120.546
3.40064	120.591
3.39304	120.636
3.38547	120.681
3.3779	120.725
3.37036	120.77
3.36283	120.814
3.35532	120.858
3.34782	120.901
3.34034	120.945
3.33288	120.988
3.32543	121.032
3.318	121.075
3.31059	121.118
3.30319	121.16
3.29581	121.203
3.28845	121.245
3.2811	121.287
3.27377	121.33
3.26645	121.371
3.25915	121.413
3.25187	121.455
3.2446	121.496
3.23734	121.537
3.23011	121.578
3.22289	121.619
3.21568	121.66
3.20849	121.701
3.20132	121.741
3.19417	121.781
3.18702	121.821
3.1799	121.861
3.17279	121.901
3.1657	121.941
3.15862	121.98
3.15155	122.019
3.14451	122.059
3.13747	122.098
3.13046	122.136
3.12346	122.175
3.11647	122.214
3.1095	122.252
3.10255	122.29
3.09561	122.328
3.08868	122.366
3.08177	122.404
3.07488	122.441
3.068	122.479
3.06114	122.516
3.05429	122.553
3.04746	122.59
3.04064	122.627
3.03384	122.664
3.02705	122.7
3.02028	122.736
3.01352	122.773
3.00677	122.809
3.00005	122.845
2.99333	122.88
2.98663	122.916
2.97995	122.951
2.97328	122.987
2.96663	123.022
2.95999	123.057
2.95336	123.092
2.94675	123.127
2.94015	123.161
2.93357	123.196
2.92701	123.23
2.92045	123.264
2.91392	123.298
2.90739	123.332
2.90088	123.366
2.89439	123.399
2.88791	123.433
2.88144	123.466
2.87499	123.499
2.86855	123.532
2.86213	123.565
2.85572	123.598
2.84933	123.63
2.84295	123.663
2.83658	123.695
2.83023	123.727
2.82389	123.76
2.81756	123.791
2.81125	123.823
2.80496	123.855
2.79867	123.886
2.7924	123.918
2.78615	123.949
2.77991	123.98
2.77368	124.011
2.76747	124.042
2.76127	124.073
2.75508	124.103
2.74891	124.134
2.74275	124.164
2.7366	124.194
2.73047	124.224
2.72435	124.254
2.71825	124.284
2.71216	124.314
2.70608	124.343
2.70002	124.373
2.69397	124.402
2.68793	124.431
2.6819	124.46
2.67589	124.489
2.6699	124.518
2.66391	124.547
2.65794	124.575
2.65198	124.604
2.64604	124.632
2.64011	124.66
2.63419	124.688
2.62828	124.716
2.62239	124.744
2.61651	124.772
2.61065	124.799
2.60479	124.827
2.59895	124.854
2.59313	124.881
2.58731	124.908
2.58151	124.935
2.57572	124.962
2.56995	124.989
2.56418	125.016
2.55843	125.042
2.5527	125.069
2.54697	125.095
2.54126	125.121
2.53556	125.147
2.52987	125.173
2.5242	125.199
2.51854	125.224
2.51289	125.25
2.50725	125.276
2.50163	125.301
2.49602	125.326
2.49042	125.351
2.48483	125.376
2.47926	125.401
2.47369	125.426
2.46814	125.451
2.46261	125.475
2.45708	125.5
2.45157	125.524
2.44607	125.548
2.44058	125.572
2.4351	125.596
2.42964	125.62
2.42419	125.644
2.41875	125.668
2.41332	125.692
2.4079	125.715
2.4025	125.738
2.39711	125.762
2.39173	125.785
2.38636	125.808
2.38101	125.831
2.37566	125.854
2.37033	125.877
2.36501	125.899
2.3597	125.922
2.3544	125.944
2.34912	125.967
2.34385	125.989
2.33858	126.011
2.33333	126.033
2.32809	126.055
2.32287	126.077
2.31765	126.099
2.31245	126.12
2.30726	126.142
2.30208	126.163
2.29691	126.185
2.29175	126.206
2.28661	126.227
2.28147	126.248
2.27635	126.269
2.27124	126.29
2.26614	126.311
2.26105	126.332
2.25597	126.352
2.2509	126.373
2.24585	126.393
2.2408	126.413
2.23577	126.434
2.23075	126.454
2.22574	126.474
2.22074	126.494
2.21575	126.513
2.21077	126.533
2.20581	126.553
2.20085	126.572
2.19591	126.592
2.19098	126.611
2.18605	126.631
2.18114	126.65
2.17624	126.669
2.17135	126.688
2.16647	126.707
2.16161	126.726
2.15675	126.745
2.1519	126.763
2.14707	126.782
2.14224	126.8
2.13743	126.819
2.13263	126.837
2.12784	126.855
2.12305	126.874
2.11828	126.892
2.11352	126.91
2.10877	126.928
2.10403	126.945
2.0993	126.963
2.09459	126.981
2.08988	126.998
2.08518	127.016
2.08049	127.033
2.07582	127.051
2.07115	127.068
2.0665	127.085
2.06185	127.102
2.05722	127.119
2.05259	127.136
2.04798	127.153
2.04337	127.17
2.03878	127.186
2.0342	127.203
2.02962	127.219
2.02506	127.236
2.02051	127.252
2.01596	127.269
2.01143	127.285
2.00691	127.301
2.0024	127.317
1.99789	127.333
1.9934	127.349
1.98892	127.365
1.98445	127.38
1.97998	127.396
1.97553	127.412
1.97109	127.427
1.96666	127.443
1.96223	127.458
1.95782	127.473
1.95342	127.489
1.94902	127.504
1.94464	127.519
1.94027	127.534
1.9359	127.549
1.93155	127.564
1.9272	127.579
1.92287	127.593
1.91854	127.608
1.91423	127.622
1.90992	127.637
1.90562	127.651
1.90134	127.666
1.89706	127.68
1.89279	127.694
1.88853	127.709
1.88429	127.723
1.88005	127.737
1.87582	127.751
1.8716	127.765
1.86739	127.778
1.86318	127.792
1.85899	127.806
1.85481	127.819
1.85063	127.833
1.84647	127.847
1.84232	127.86
1.83817	127.873
1.83403	127.887
1.82991	127.9
1.82579	127.913
1.82168	127.926
1.81758	127.939
1.81349	127.952
1.80941	127.965
1.80533	127.978
1.80127	127.991
1.79722	128.003
1.79317	128.016
1.78914	128.029
1.78511	128.041
1.78109	128.054
1.77708	128.066
1.77308	128.078
1.76909	128.091
1.76511	128.103
1.76113	128.115
1.75717	128.127
1.75321	128.139
1.74927	128.151
1.74533	128.163
1.7414	128.175
1.73748	128.187
1.73357	128.199
1.72966	128.21
1.72577	128.222
1.72189	128.234
1.71801	128.245
1.71414	128.257
1.71028	128.268
1.70643	128.279
1.70259	128.291
1.69875	128.302
1.69493	128.313
1.69111	128.324
1.6873	128.335
1.6835	128.346
1.67971	128.357
1.67593	128.368
1.67216	128.379
1.66839	128.39
1.66463	128.4
1.66088	128.411
1.65714	128.422
1.65341	128.432
1.64969	128.443
1.64597	128.453
1.64226	128.464
1.63856	128.474
1.63487	128.484
1.63119	128.495
1.62752	128.505
1.62385	128.515
1.62019	128.525
1.61654	128.535
1.6129	128.545
1.60927	128.555
1.60564	128.565
1.60202	128.575
1.59842	128.585
1.59481	128.594
1.59122	128.604
1.58764	128.614
1.58406	128.623
1.58049	128.633
1.57693	128.642
1.57338	128.652
1.56983	128.661
1.56629	128.671
1.56276	128.68
1.55924	128.689
1.55573	128.698
1.55222	128.708
1.54873	128.717
1.54524	128.726
1.54175	128.735
1.53828	128.744
1.53481	128.753
1.53135	128.762
1.5279	128.771
1.52446	128.779
1.52102	128.788
1.5176	128.797
1.51418	128.805
1.51076	128.814
1.50736	128.823
1.50396	128.831
1.50057	128.84
1.49719	128.848
1.49381	128.856
1.49045	128.865
1.48709	128.873
1.48373	128.881
1.48039	128.89
1.47705	128.898
1.47372	128.906
1.4704	128.914
1.46709	128.922
1.46378	128.93
1.46048	128.938
1.45719	128.946
1.4539	128.954
1.45062	128.962
1.44735	128.97
1.44409	128.977
1.44084	128.985
1.43759	128.993
1.43435	129
1.43111	129.008
1.42788	129.015
1.42467	129.023
1.42145	129.03
1.41825	129.038
1.41505	129.045
1.41186	129.053
1.40867	129.06
1.4055	129.067
1.40233	129.075
1.39917	129.082
1.39601	129.089
1.39286	129.096
1.38972	129.103
1.38659	129.11
1.38346	129.117
1.38034	129.124
1.37723	129.131
1.37412	129.138
1.37102	129.145
1.36793	129.152
1.36485	129.159
1.36177	129.165
1.3587	129.172
1.35563	129.179
1.35257	129.185
1.34952	129.192
1.34648	129.199
1.34344	129.205
1.34041	129.212
1.33739	129.218
1.33437	129.225
1.33136	129.231
1.32836	129.237
1.32536	129.244
1.32237	129.25
1.31939	129.256
1.31641	129.262
1.31344	129.269
1.31048	129.275
1.30752	129.281
1.30457	129.287
1.30163	129.293
1.29869	129.299
1.29576	129.305
1.29284	129.311
1.28992	129.317
1.28701	129.323
1.28411	129.329
1.28121	129.335
1.27832	129.34
1.27544	129.346
1.27256	129.352
1.26969	129.358
1.26682	129.363
1.26396	129.369
1.26111	129.375
1.25827	129.38
1.25543	129.386
1.25259	129.391
1.24977	129.397
1.24695	129.402
1.24413	129.408
1.24132	129.413
1.23852	129.418
1.23573	129.424
1.23294	129.429
1.23016	129.434
1.22738	129.44
1.22461	129.445
1.22185	129.45
1.21909	129.455
1.21634	129.46
1.21359	129.465
1.21085	129.471
1.20812	129.476
1.20539	129.481
1.20267	129.486
1.19996	129.491
1.19725	129.496
1.19455	129.5
1.19185	129.505
1.18916	129.51
1.18648	129.515
1.1838	129.52
1.18112	129.525
1.17846	129.529
1.1758	129.534
1.17314	129.539
1.1705	129.543
1.16785	129.548
1.16522	129.553
1.16259	129.557
1.15996	129.562
1.15734	129.566
1.15473	129.571
1.15212	129.575
1.14952	129.58
1.14693	129.584
1.14434	129.589
1.14175	129.593
1.13918	129.597
1.1366	129.602
1.13404	129.606
1.13148	129.61
1.12892	129.615
1.12637	129.619
1.12383	129.623
1.12129	129.627
1.11876	129.631
1.11623	129.636
1.11371	129.64
1.1112	129.644
1.10869	129.648
1.10618	129.652
1.10369	129.656
1.10119	129.66
1.09871	129.664
1.09623	129.668
1.09375	129.672
1.09128	129.676
1.08882	129.68
1.08636	129.684
1.0839	129.687
1.08146	129.691
1.07901	129.695
1.07658	129.699
1.07414	129.702
1.07172	129.706
1.0693	129.71
1.06688	129.714
1.06447	129.717
1.06207	129.721
1.05967	129.725
1.05728	129.728
1.05489	129.732
1.05251	129.735
1.05013	129.739
1.04776	129.742
1.04539	129.746
1.04303	129.749
1.04067	129.753
1.03832	129.756
1.03598	129.76
1.03364	129.763
1.0313	129.766
1.02897	129.77
1.02665	129.773
1.02433	129.776
1.02201	129.78
1.0197	129.783
1.0174	129.786
1.0151	129.789
1.01281	129.793
1.01052	129.796
1.00824	129.799
1.00596	129.802
1.00369	129.805
1.00142	129.808
0.999157	129.811
0.996899	129.815
0.994647	129.818
0.9924	129.821
0.990158	129.824
0.98792	129.827
0.985688	129.83
0.983461	129.833
0.981239	129.836
0.979021	129.839
0.976809	129.841
0.974602	129.844
0.9724	129.847
0.970202	129.85
0.96801	129.853
0.965823	129.856
0.96364	129.859
0.961463	129.861
0.95929	129.864
0.957122	129.867
0.954959	129.87
0.952801	129.872
0.950648	129.875
0.9485	129.878
0.946356	129.88
0.944217	129.883
0.942084	129.886
0.939955	129.888
0.93783	129.891
0.93571	129.894
0.933596	129.896
0.931486	129.899
0.92938	129.901
0.92728	129.904
0.925184	129.906
0.923093	129.909
0.921007	129.911
0.918925	129.914
0.916848	129.916
0.914776	129.919
0.912708	129.921
0.910645	129.923
0.908587	129.926
0.906533	129.928
0.904484	129.93
0.902439	129.933
0.9004	129.935
0.898365	129.937
0.896334	129.94
0.894307	129.942
0.892286	129.944
0.890269	129.947
0.888256	129.949
0.886248	129.951
0.884245	129.953
0.882246	129.955
0.880251	129.958
0.878262	129.96
0.876276	129.962
0.874295	129.964
0.872319	129.966
0.870347	129.968
0.868379	129.97
0.866416	129.972
0.864457	129.975
0.862503	129.977
0.860553	129.979
0.858607	129.981
0.856666	129.983
0.854729	129.985
0.852797	129.987
0.850868	129.989
0.848944	129.991
0.847025	129.993
0.84511	129.994
0.843199	129.996
0.841292	129.998
0.83939	130
0.837492	130.002
0.835599	130.004
0.833709	130.006
0.831824	130.008
0.829943	130.009
0.828066	130.011
0.826194	130.013
0.824326	130.015
0.822462	130.017
0.820602	130.018
0.818746	130.02
0.816895	130.022
0.815048	130.024
0.813205	130.025
0.811366	130.027
0.809531	130.029
0.8077	130.031
0.805874	130.032
0.804051	130.034
0.802233	130.036
0.800419	130.037
0.798608	130.039
0.796802	130.04
0.795	130.042
0.793203	130.044
0.791408	130.045
0.789619	130.047
0.787833	130.048
0.786051	130.05
0.784273	130.051
0.782499	130.053
0.78073	130.054
0.778964	130.056
0.777202	130.058
0.775444	130.059
0.77369	130.06
0.771941	130.062
0.770194	130.063
0.768452	130.065
0.766714	130.066
0.76498	130.068
0.76325	130.069
0.761523	130.071
0.759801	130.072
0.758082	130.073
0.756367	130.075
0.754657	130.076
0.75295	130.077
0.751246	130.079
0.749547	130.08
0.747851	130.081
0.74616	130.083
0.744472	130.084
0.742788	130.085
0.741107	130.087
0.739431	130.088
0.737758	130.089
0.736089	130.09
0.734424	130.092
0.732763	130.093
0.731105	130.094
0.729451	130.095
0.727801	130.097
0.726154	130.098
0.724511	130.099
0.722872	130.1
0.721237	130.101
0.719606	130.102
0.717977	130.104
0.716353	130.105
0.714732	130.106
0.713115	130.107
0.711502	130.108
0.709892	130.109
0.708286	130.11
0.706684	130.111
0.705085	130.113
0.703489	130.114
0.701898	130.115
0.70031	130.116
0.698725	130.117
0.697144	130.118
0.695567	130.119
0.693993	130.12
0.692423	130.121
0.690856	130.122
0.689293	130.123
0.687733	130.124
0.686177	130.125
0.684624	130.126
0.683075	130.127
0.68153	130.128
0.679987	130.129
0.678449	130.13
0.676913	130.131
0.675382	130.132
0.673853	130.133
0.672329	130.134
0.670807	130.134
0.669289	130.135
0.667774	130.136
0.666263	130.137
0.664756	130.138
0.663251	130.139
0.66175	130.14
0.660253	130.141
0.658759	130.141
0.657268	130.142
0.65578	130.143
0.654296	130.144
0.652816	130.145
0.651338	130.146
0.649864	130.146
0.648394	130.147
0.646926	130.148
0.645462	130.149
0.644001	130.15
0.642544	130.15
0.64109	130.151
0.639638	130.152
0.638191	130.153
0.636746	130.153
0.635305	130.154
0.633867	130.155
0.632433	130.156
0.631001	130.156
0.629573	130.157
0.628148	130.158
0.626726	130.158
0.625308	130.159
0.623893	130.16
0.622481	130.161
0.621072	130.161
0.619666	130.162
0.618263	130.163
0.616864	130.163
0.615468	130.164
0.614074	130.165
0.612685	130.165
0.611298	130.166
0.609914	130.166
0.608533	130.167
0.607156	130.168
0.605781	130.168
0.60441	130.169
0.603042	130.17
0.601677	130.17
0.600315	130.171
0.598956	130.171
0.5976	130.172
0.596248	130.172
0.594898	130.173
0.593551	130.174
0.592207	130.174
0.590867	130.175
0.589529	130.175
0.588195	130.176
0.586863	130.176
0.585534	130.177
0.584209	130.177
0.582886	130.178
0.581567	130.178
0.58025	130.179
0.578937	130.179
0.577626	130.18
0.576318	130.18
0.575013	130.181
0.573712	130.181
0.572413	130.182
0.571117	130.182
0.569824	130.183
0.568534	130.183
0.567247	130.184
0.565963	130.184
0.564681	130.185
0.563403	130.185
0.562127	130.185
0.560854	130.186
0.559584	130.186
0.558317	130.187
0.557053	130.187
0.555792	130.188
0.554534	130.188
0.553278	130.188
0.552026	130.189
0.550776	130.189
0.549528	130.19
0.548284	130.19
0.547043	130.19
0.545804	130.191
0.544568	130.191
0.543335	130.191
0.542105	130.192
0.540878	130.192
0.539653	130.192
0.538431	130.193
0.537212	130.193
0.535995	130.193
0.534782	130.194
0.533571	130.194
0.532362	130.194
0.531157	130.195
0.529954	130.195
0.528754	130.195
0.527557	130.196
0.526362	130.196
0.52517	130.196
0.523981	130.197
0.522795	130.197
0.521611	130.197
0.520429	130.198
0.519251	130.198
0.518075	130.198
0.516902	130.198
0.515731	130.199
0.514563	130.199
0.513398	130.199
0.512235	130.199
0.511075	130.2
0.509918	130.2
0.508763	130.2
0.507611	130.2
0.506461	130.201
0.505314	130.201
0.50417	130.201
0.503028	130.201
0.501889	130.202
0.500752	130.202
0.499618	130.202
0.498487	130.202
0.497358	130.202
0.496231	130.203
0.495108	130.203
0.493986	130.203
0.492867	130.203
0.491751	130.203
0.490638	130.204
0.489526	130.204
0.488417	130.204
0.487311	130.204
0.486208	130.204
0.485106	130.205
0.484008	130.205
0.482911	130.205
0.481818	130.205
0.480726	130.205
0.479638	130.205
0.478551	130.206
0.477467	130.206
0.476386	130.206
0.475307	130.206
0.47423	130.206
0.473156	130.206
0.472084	130.206
0.471015	130.207
0.469948	130.207
0.468884	130.207
0.467822	130.207
0.466762	130.207
0.465705	130.207
0.46465	130.207
0.463597	130.207
0.462547	130.207
0.4615	130.208
0.460454	130.208
0.459411	130.208
0.45837	130.208
0.457332	130.208
0.456296	130.208
0.455263	130.208
0.454231	130.208
0.453202	130.208
0.452176	130.208
0.451151	130.209
0.450129	130.209
0.44911	130.209
0.448092	130.209
0.447077	130.209
0.446065	130.209
0.445054	130.209
0.444046	130.209
0.44304	130.209
0.442036	130.209
0.441035	130.209
0.440036	130.209
0.439039	130.209
0.438044	130.209
0.437052	130.209
0.436062	130.209
0.435074	130.209
0.434088	130.209
0.433105	130.209
0.432124	130.21
0.431145	130.21
0.430168	130.21
0.429194	130.21
0.428221	130.21
0.427251	130.21
0.426283	130.21
0.425317	130.21
0.424354	130.21
0.423392	130.21
0.422433	130.21
0.421476	130.21
0.420521	130.21
0.419568	130.21
0.418618	130.21
0.417669	130.21
0.416723	130.21
0.415779	130.21
0.414837	130.21
0.413897	130.21
0.412959	130.21
0.412024	130.21
0.41109	130.21
0.410159	130.21
0.409229	130.21
0.408302	130.21
0.407377	130.21
0.406454	130.21
0.405533	130.209
0.404614	130.209
0.403698	130.209
0.402783	130.209
0.40187	130.209
0.40096	130.209
0.400051	130.209
0.399145	130.209
0.39824	130.209
0.397338	130.209
0.396438	130.209
0.395539	130.209
0.394643	130.209
0.393749	130.209
0.392857	130.209
0.391966	130.209
0.391078	130.209
0.390192	130.209
0.389308	130.209
0.388426	130.209
0.387546	130.209
0.386668	130.208
0.385791	130.208
0.384917	130.208
0.384045	130.208
0.383175	130.208
0.382306	130.208
0.38144	130.208
0.380576	130.208
0.379713	130.208
0.378853	130.208
0.377994	130.208
0.377138	130.208
0.376283	130.208
0.375431	130.207
0.37458	130.207
0.373731	130.207
0.372884	130.207
0.372039	130.207
0.371196	130.207
0.370355	130.207
0.369515	130.207
0.368678	130.207
0.367843	130.207
0.367009	130.206
0.366177	130.206
0.365348	130.206
0.364519	130.206
0.363693	130.206
0.362869	130.206
0.362047	130.206
0.361226	130.206
0.360408	130.206
0.359591	130.205
0.358776	130.205
0.357963	130.205
0.357152	130.205
0.356342	130.205
0.355535	130.205
0.354729	130.205
0.353925	130.205
0.353123	130.204
0.352323	130.204
0.351524	130.204
0.350727	130.204
0.349933	130.204
0.349139	130.204
0.348348	130.204
0.347559	130.204
0.346771	130.203
0.345985	130.203
0.345201	130.203
0.344419	130.203
0.343638	130.203
0.342859	130.203
0.342082	130.203
0.341307	130.202
0.340533	130.202
0.339761	130.202
0.338991	130.202
0.338223	130.202
0.337457	130.202
0.336692	130.202
0.335928	130.201
0.335167	130.201
0.334407	130.201
0.333649	130.201
0.332893	130.201
0.332139	130.201
0.331386	130.201
0.330635	130.2
0.329885	130.2
0.329138	130.2
0.328392	130.2
0.327647	130.2
0.326905	130.2
0.326164	130.199
0.325424	130.199
0.324687	130.199
0.323951	130.199
0.323217	130.199
0.322484	130.199
0.321753	130.198
0.321024	130.198
0.320296	130.198
0.31957	130.198
0.318846	130.198
0.318123	130.198
0.317402	130.197
0.316682	130.197
0.315964	130.197
0.315248	130.197
0.314534	130.197
0.313821	130.196
0.313109	130.196
0.3124	130.196
0.311691	130.196
0.310985	130.196
0.31028	130.196
0.309577	130.195
0.308875	130.195
0.308175	130.195
0.307476	130.195
0.306779	130.195
0.306084	130.194
0.30539	130.194
0.304698	130.194
0.304007	130.194
0.303318	130.194
0.30263	130.193
0.301944	130.193
0.30126	130.193
0.300577	130.193
0.299895	130.193
0.299216	130.193
0.298537	130.192
0.297861	130.192
0.297185	130.192
0.296512	130.192
0.295839	130.192
0.295169	130.191
0.2945	130.191
0.293832	130.191
0.293166	130.191
0.292501	130.191
0.291838	130.19
0.291177	130.19
0.290516	130.19
0.289858	130.19
0.289201	130.19
0.288545	130.189
0.287891	130.189
0.287238	130.189
0.286587	130.189
0.285937	130.189
0.285289	130.188
0.284642	130.188
0.283997	130.188
0.283353	130.188
0.282711	130.187
0.28207	130.187
0.28143	130.187
0.280792	130.187
0.280156	130.187
0.279521	130.186
0.278887	130.186
0.278255	130.186
0.277624	130.186
0.276994	130.186
0.276366	130.185
0.27574	130.185
0.275115	130.185
0.274491	130.185
0.273869	130.184
0.273248	130.184
0.272628	130.184
0.27201	130.184
0.271393	130.184
0.270778	130.183
0.270164	130.183
0.269552	130.183
0.268941	130.183
0.268331	130.183
0.267722	130.182
0.267115	130.182
0.26651	130.182
0.265906	130.182
0.265303	130.181
0.264701	130.181
0.264101	130.181
0.263502	130.181
0.262905	130.181
0.262309	130.18
0.261714	130.18
0.261121	130.18
0.260529	130.18
0.259938	130.179
0.259348	130.179
0.25876	130.179
0.258174	130.179
0.257588	130.179
0.257004	130.178
0.256422	130.178
0.25584	130.178
0.25526	130.178
0.254681	130.177
0.254104	130.177
0.253528	130.177
0.252953	130.177
0.252379	130.176
0.251807	130.176
0.251236	130.176
0.250666	130.176
0.250098	130.176
0.249531	130.175
0.248965	130.175
0.248401	130.175
0.247837	130.175
0.247275	130.174
0.246715	130.174
0.246155	130.174
0.245597	130.174
0.24504	130.174
0.244485	130.173
0.24393	130.173
0.243377	130.173
0.242825	130.173
0.242275	130.172
0.241725	130.172
0.241177	130.172
0.24063	130.172
0.240085	130.171
0.23954	130.171
0.238997	130.171
0.238455	130.171
0.237914	130.17
0.237375	130.17
0.236837	130.17
0.2363	130.17
0.235764	130.17
0.235229	130.169
0.234696	130.169
0.234164	130.169
0.233633	130.169
0.233103	130.168
0.232574	130.168
0.232047	130.168
0.231521	130.168
0.230996	130.167
0.230472	130.167
0.229949	130.167
0.229428	130.167
0.228907	130.166
0.228388	130.166
0.22787	130.166
0.227354	130.166
0.226838	130.166
0.226324	130.165
0.225811	130.165
0.225298	130.165
0.224787	130.165
0.224278	130.164
0.223769	130.164
0.223262	130.164
0.222755	130.164
0.22225	130.163
0.221746	130.163
0.221243	130.163
0.220742	130.163
0.220241	130.162
0.219742	130.162
0.219243	130.162
0.218746	130.162
0.21825	130.162
0.217755	130.161
0.217261	130.161
0.216769	130.161
0.216277	130.161
0.215786	130.16
0.215297	130.16
0.214809	130.16
0.214322	130.16
0.213836	130.159
0.213351	130.159
0.212867	130.159
0.212384	130.159
0.211902	130.158
0.211422	130.158
0.210942	130.158
0.210464	130.158
0.209987	130.157
0.20951	130.157
0.209035	130.157
0.208561	130.157
0.208088	130.157
0.207616	130.156
0.207145	130.156
0.206676	130.156
0.206207	130.156
0.205739	130.155
0.205273	130.155
0.204807	130.155
0.204343	130.155
0.203879	130.154
0.203417	130.154
0.202956	130.154
0.202495	130.154
0.202036	130.153
0.201578	130.153
0.201121	130.153
0.200664	130.153
0.200209	130.152
0.199755	130.152
0.199302	130.152
0.19885	130.152
0.198399	130.152
0.197949	130.151
0.1975	130.151
0.197052	130.151
0.196605	130.151
0.19616	130.15
0.195715	130.15
0.195271	130.15
0.194828	130.15
0.194386	130.149
0.193945	130.149
0.193505	130.149
0.193066	130.149
0.192629	130.148
0.192192	130.148
0.191756	130.148
0.191321	130.148
0.190887	130.147
0.190454	130.147
0.190022	130.147
0.189591	130.147
0.189161	130.147
0.188732	130.146
0.188304	130.146
0.187877	130.146
0.187451	130.146
0.187025	130.145
0.186601	130.145
0.186178	130.145
0.185756	130.145
0.185334	130.144
0.184914	130.144
0.184495	130.144
0.184076	130.144
0.183659	130.143
0.183242	130.143
0.182826	130.143
0.182412	130.143
0.181998	130.143
0.181585	130.142
0.181173	130.142
0.180762	130.142
0.180352	130.142
0.179943	130.141
0.179535	130.141
0.179128	130.141
0.178722	130.141
0.178316	130.14
0.177912	130.14
0.177508	130.14
0.177106	130.14
0.176704	130.14
0.176303	130.139
0.175903	130.139
0.175504	130.139
0.175106	130.139
0.174709	130.138
0.174313	130.138
0.173917	130.138
0.173523	130.138
0.173129	130.137
0.172737	130.137
0.172345	130.137
0.171954	130.137
0.171564	130.137
0.171175	130.136
0.170786	130.136
0.170399	130.136
0.170012	130.136
0.169627	130.135
0.169242	130.135
0.168858	130.135
0.168475	130.135
0.168093	130.134
0.167712	130.134
0.167331	130.134
0.166952	130.134
0.166573	130.134
0.166195	130.133
0.165818	130.133
0.165442	130.133
0.165067	130.133
0.164692	130.132
0.164319	130.132
0.163946	130.132
0.163574	130.132
0.163203	130.131
0.162833	130.131
0.162463	130.131
0.162095	130.131
0.161727	130.131
0.16136	130.13
0.160994	130.13
0.160629	130.13
0.160265	130.13
0.159901	130.129
0.159538	130.129
0.159176	130.129
0.158815	130.129
0.158455	130.129
0.158096	130.128
0.157737	130.128
0.157379	130.128
0.157022	130.128
0.156666	130.127
0.156311	130.127
0.155956	130.127
0.155602	130.127
0.155249	130.127
0.154897	130.126
0.154546	130.126
0.154195	130.126
0.153845	130.126
0.153496	130.125
0.153148	130.125
0.152801	130.125
0.152454	130.125
0.152108	130.125
0.151763	130.124
0.151419	130.124
0.151075	130.124
0.150733	130.124
0.150391	130.123
0.15005	130.123
0.149709	130.123
0.14937	130.123
0.149031	130.123
0.148693	130.122
0.148355	130.122
0.148019	130.122
0.147683	130.122
0.147348	130.121
0.147014	130.121
0.14668	130.121
0.146347	130.121
0.146016	130.121
0.145684	130.12
0.145354	130.12
0.145024	130.12
0.144695	130.12
0.144367	130.12
0.144039	130.119
0.143712	130.119
0.143386	130.119
0.143061	130.119
0.142737	130.118
0.142413	130.118
0.14209	130.118
0.141767	130.118
0.141446	130.118
0.141125	130.117
0.140805	130.117
0.140485	130.117
0.140167	130.117
0.139849	130.117
0.139531	130.116
0.139215	130.116
0.138899	130.116
0.138584	130.116
0.138269	130.116
0.137956	130.115
0.137643	130.115
0.137331	130.115
0.137019	130.115
0.136708	130.114
0.136398	130.114
0.136089	130.114
0.13578	130.114
0.135472	130.114
0.135164	130.113
0.134858	130.113
0.134552	130.113
0.134247	130.113
0.133942	130.113
0.133638	130.112
0.133335	130.112
0.133032	130.112
0.132731	130.112
0.132429	130.112
0.132129	130.111
0.131829	130.111
0.13153	130.111
0.131232	130.111
0.130934	130.111
0.130637	130.11
0.130341	130.11
0.130045	130.11
0.12975	130.11
0.129455	130.11
0.129162	130.109
0.128869	130.109
0.128576	130.109
0.128285	130.109
0.127994	130.108
0.127703	130.108
0.127413	130.108
0.127124	130.108
0.126836	130.108
0.126548	130.107
0.126261	130.107
0.125975	130.107
0.125689	130.107
0.125404	130.107
0.125119	130.106
0.124835	130.106
0.124552	130.106
0.12427	130.106
0.123988	130.106
0.123706	130.105
0.123426	130.105
0.123146	130.105
0.122866	130.105
0.122587	130.105
0.122309	130.104
0.122032	130.104
0.121755	130.104
0.121479	130.104
0.121203	130.104
0.120928	130.104
0.120654	130.103
0.12038	130.103
0.120107	130.103
0.119834	130.103
0.119562	130.103
0.119291	130.102
0.119021	130.102
0.11875	130.102
0.118481	130.102
0.118212	130.102
0.117944	130.101
0.117676	130.101
0.117409	130.101
0.117143	130.101
0.116877	130.101
0.116612	130.1
0.116347	130.1
0.116084	130.1
0.11582	130.1
0.115557	130.1
0.115295	130.099
0.115034	130.099
0.114773	130.099
0.114512	130.099
0.114252	130.099
0.113993	130.099
0.113734	130.098
0.113476	130.098
0.113219	130.098
0.112962	130.098
0.112706	130.098
0.11245	130.097
0.112195	130.097
0.11194	130.097
0.111686	130.097
0.111433	130.097
0.11118	130.096
0.110928	130.096
0.110676	130.096
0.110425	130.096
0.110174	130.096
0.109925	130.096
0.109675	130.095
0.109426	130.095
0.109178	130.095
0.10893	130.095
0.108683	130.095
0.108436	130.094
0.10819	130.094
0.107945	130.094
0.1077	130.094
0.107456	130.094
0.107212	130.094
0.106969	130.093
0.106726	130.093
0.106484	130.093
0.106242	130.093
0.106001	130.093
0.105761	130.092
0.105521	130.092
0.105281	130.092
0.105042	130.092
0.104804	130.092
0.104566	130.092
0.104329	130.091
0.104092	130.091
0.103856	130.091
0.10362	130.091
0.103385	130.091
0.103151	130.09
0.102917	130.09
0.102683	130.09
0.10245	130.09
0.102218	130.09
0.101986	130.09
0.101754	130.089
0.101523	130.089
0.101293	130.089
0.101063	130.089
0.100834	130.089
0.100605	130.089
0.100377	130.088
0.100149	130.088
0.0999217	130.088
0.099695	130.088
0.0994688	130.088
0.099243	130.088
0.0990179	130.087
0.0987932	130.087
0.098569	130.087
0.0983453	130.087
0.0981222	130.087
0.0978996	130.086
0.0976774	130.086
0.0974558	130.086
0.0972346	130.086
0.097014	130.086
0.0967939	130.086
0.0965742	130.085
0.0963551	130.085
0.0961365	130.085
0.0959183	130.085
0.0957006	130.085
0.0954835	130.085
0.0952668	130.084
0.0950507	130.084
0.094835	130.084
0.0946198	130.084
0.0944051	130.084
0.0941909	130.084
0.0939771	130.083
0.0937639	130.083
0.0935511	130.083
0.0933389	130.083
0.093127	130.083
0.0929157	130.083
0.0927049	130.082
0.0924946	130.082
0.0922846	130.082
0.0920752	130.082
0.0918663	130.082
0.0916579	130.082
0.0914498	130.081
0.0912423	130.081
0.0910353	130.081
0.0908288	130.081
0.0906226	130.081
0.090417	130.081
0.0902118	130.081
0.0900071	130.08
0.0898029	130.08
0.0895991	130.08
0.0893958	130.08
0.0891929	130.08
0.0889905	130.08
0.0887886	130.079
0.0885871	130.079
0.0883861	130.079
