1.3211	39452.4
1.33545	39449.7
1.34995	39446.9
1.36461	39444.2
1.37943	39441.5
1.3944	39438.7
1.40954	39435.9
1.42485	39433.1
1.44032	39430.3
1.45595	39427.5
1.47176	39424.7
1.48773	39421.8
1.50389	39419
1.52021	39416.1
1.53671	39413.2
1.55339	39410.3
1.57025	39407.4
1.58729	39404.5
1.60452	39401.6
1.62193	39398.6
1.63953	39395.6
1.65733	39392.7
1.67531	39389.7
1.69349	39386.6
1.71187	39383.6
1.73044	39380.6
1.74921	39377.5
1.76819	39374.4
1.78738	39371.4
1.80677	39368.3
1.82637	39365.1
1.84618	39362
1.86621	39358.9
1.88645	39355.7
1.90691	39352.5
1.92759	39349.3
1.9485	39346.1
1.96963	39342.9
1.99099	39339.7
2.01258	39336.4
2.03441	39333.1
2.05647	39329.8
2.07877	39326.5
2.10131	39323.2
2.12409	39319.9
2.14712	39316.5
2.1704	39313.2
2.19393	39309.8
2.21771	39306.4
2.24176	39303
2.26605	39299.5
2.29062	39296.1
2.31545	39292.6
2.34054	39289.1
2.36591	39285.6
2.39155	39282.1
2.41747	39278.6
2.44367	39275
2.47015	39271.5
2.49691	39267.9
2.52397	39264.3
2.55132	39260.7
2.57896	39257
2.6069	39253.4
2.63514	39249.7
2.66369	39246
2.69254	39242.3
2.72171	39238.6
2.75119	39234.8
2.78099	39231.1
2.81111	39227.3
2.84155	39223.5
2.87232	39219.7
2.90343	39215.8
2.93487	39212
2.96665	39208.1
2.99877	39204.2
3.03124	39200.3
3.06406	39196.4
3.09723	39192.4
3.13076	39188.5
3.16465	39184.5
3.19891	39180.5
3.23353	39176.5
3.26853	39172.4
3.30391	39168.4
3.33966	39164.3
3.3758	39160.2
3.41234	39156.1
3.44926	39151.9
3.48658	39147.8
3.52431	39143.6
3.56244	39139.4
3.60098	39135.2
3.63994	39130.9
3.67931	39126.7
3.71911	39122.4
3.75934	39118.1
3.8	39113.8
3.8411	39109.4
3.88264	39105
3.92463	39100.7
3.96707	39096.3
4.00997	39091.8
4.05333	39087.4
4.09715	39082.9
4.14145	39078.4
4.18622	39073.9
4.23148	39069.4
4.27722	39064.8
4.32345	39060.2
4.37018	39055.6
4.41741	39051
4.46516	39046.4
4.51341	39041.7
4.56218	39037
4.61148	39032.3
4.6613	39027.6
4.71167	39022.8
4.76257	39018
4.81402	39013.2
4.86603	39008.4
4.91859	39003.6
4.97172	38998.7
5.02541	38993.8
5.07969	38988.9
5.13454	38984
5.18999	38979
5.24604	38974
5.30268	38969
5.35993	38964
5.41779	38958.9
5.47628	38953.8
5.53539	38948.7
5.59515	38943.6
5.65554	38938.4
5.71658	38933.3
5.77827	38928
5.84063	38922.8
5.90365	38917.6
5.96735	38912.3
6.03174	38907
6.09681	38901.7
6.16258	38896.3
6.22906	38890.9
6.29625	38885.5
6.36416	38880.1
6.4328	38874.6
6.50218	38869.2
6.57229	38863.6
6.64316	38858.1
6.71479	38852.6
6.78719	38847
6.86036	38841.4
6.93431	38835.7
7.00906	38830.1
7.08461	38824.4
7.16097	38818.6
7.23814	38812.9
7.31614	38807.1
7.39498	38801.3
7.47466	38795.5
7.5552	38789.6
7.63659	38783.8
7.71886	38777.8
7.802	38771.9
7.88604	38765.9
7.97098	38759.9
8.05682	38753.9
8.14358	38747.9
8.23127	38741.8
8.3199	38735.7
8.40947	38729.6
8.5	38723.4
8.59151	38717.2
8.68398	38711
8.77745	38704.7
8.87191	38698.4
8.96739	38692.1
9.06388	38685.8
9.16141	38679.4
9.25997	38673
9.3596	38666.6
9.46028	38660.1
9.56204	38653.6
9.66489	38647.1
9.76882	38640.6
9.87388	38634
9.98005	38627.4
10.0874	38620.7
10.1958	38614.1
10.3054	38607.3
10.4162	38600.6
10.5282	38593.8
10.6413	38587
10.7557	38580.2
10.8713	38573.4
10.9881	38566.5
11.1061	38559.5
11.2254	38552.6
11.346	38545.6
11.4679	38538.6
11.5911	38531.5
11.7156	38524.4
11.8414	38517.3
11.9685	38510.1
12.097	38502.9
12.2269	38495.7
12.3581	38488.5
12.4908	38481.2
12.6248	38473.9
12.7603	38466.5
12.8973	38459.1
13.0357	38451.7
13.1755	38444.2
13.3169	38436.7
13.4597	38429.2
13.6041	38421.6
13.75	38414
13.8974	38406.4
14.0465	38398.7
14.1971	38391
14.3493	38383.3
14.5031	38375.5
14.6586	38367.7
14.8157	38359.9
14.9744	38352
15.1349	38344.1
15.2971	38336.1
15.461	38328.1
15.6266	38320.1
15.794	38312
15.9631	38303.9
16.1341	38295.8
16.3069	38287.6
16.4815	38279.4
16.6579	38271.1
16.8362	38262.9
17.0165	38254.5
17.1986	38246.2
17.3826	38237.8
17.5686	38229.3
17.7566	38220.8
17.9466	38212.3
18.1386	38203.8
18.3326	38195.2
18.5286	38186.5
18.7268	38177.8
18.927	38169.1
19.1294	38160.4
19.3339	38151.6
19.5405	38142.7
19.7494	38133.9
19.9604	38124.9
20.1737	38116
20.3893	38107
20.6071	38098
20.8272	38088.9
21.0497	38079.8
21.2745	38070.6
21.5017	38061.4
21.7312	38052.2
21.9632	38042.9
22.1977	38033.5
22.4346	38024.2
22.674	38014.8
22.916	38005.3
23.1605	37995.8
23.4076	37986.3
23.6572	37976.7
23.9096	37967.1
24.1646	37957.4
24.4222	37947.7
24.6826	37937.9
24.9457	37928.1
25.2116	37918.3
25.4803	37908.4
25.7519	37898.4
26.0263	37888.5
26.3035	37878.4
26.5837	37868.4
26.8669	37858.3
27.153	37848.1
27.4422	37837.9
27.7343	37827.7
28.0296	37817.4
28.3279	37807
28.6294	37796.6
28.9341	37786.2
29.2419	37775.7
29.553	37765.2
29.8674	37754.6
30.1851	37744
30.5061	37733.3
30.8304	37722.6
31.1582	37711.9
31.4894	37701
31.8241	37690.2
32.1623	37679.3
32.504	37668.3
32.8493	37657.3
33.1983	37646.3
33.5509	37635.2
33.9072	37624
34.2672	37612.8
34.631	37601.6
34.9986	37590.3
35.3701	37578.9
35.7454	37567.5
36.1247	37556.1
36.5079	37544.6
36.8952	37533
37.2864	37521.4
37.6818	37509.8
38.0813	37498.1
38.485	37486.3
38.893	37474.5
39.3051	37462.7
39.7216	37450.8
40.1424	37438.8
40.5676	37426.8
40.9973	37414.7
41.4314	37402.6
41.8701	37390.4
42.3133	37378.2
42.7612	37365.9
43.2137	37353.6
43.671	37341.2
44.1329	37328.8
44.5998	37316.3
45.0714	37303.8
45.548	37291.2
46.0296	37278.5
46.5161	37265.8
47.0078	37253
47.5045	37240.2
48.0064	37227.3
48.5135	37214.4
49.0259	37201.4
49.5436	37188.4
50.0667	37175.3
50.5952	37162.1
51.1292	37148.9
51.6688	37135.6
52.2139	37122.3
52.7647	37108.9
53.3212	37095.5
53.8835	37082
54.4516	37068.4
55.0256	37054.8
55.6055	37041.2
56.1915	37027.4
56.7835	37013.6
57.3816	36999.8
57.986	36985.9
58.5966	36971.9
59.2135	36957.9
59.8367	36943.8
60.4664	36929.7
61.1027	36915.5
61.7455	36901.2
62.3949	36886.9
63.0511	36872.5
63.714	36858.1
64.3837	36843.6
65.0604	36829
65.744	36814.4
66.4347	36799.7
67.1325	36784.9
67.8375	36770.1
68.5498	36755.2
69.2694	36740.3
69.9964	36725.3
70.7309	36710.2
71.4729	36695.1
72.2225	36679.9
72.9799	36664.6
73.7451	36649.3
74.5181	36633.9
75.2991	36618.5
76.0881	36603
76.8851	36587.4
77.6904	36571.8
78.5039	36556.1
79.3257	36540.3
80.1561	36524.5
80.9949	36508.6
81.8422	36492.6
82.6983	36476.6
83.5631	36460.5
84.4368	36444.3
85.3194	36428.1
86.2111	36411.8
87.1119	36395.4
88.0218	36379
88.9411	36362.5
89.8697	36345.9
90.8079	36329.3
91.7556	36312.6
92.713	36295.8
93.6801	36279
94.6571	36262
95.6441	36245.1
96.6411	36228
97.6483	36210.9
98.6657	36193.7
99.6935	36176.5
100.732	36159.1
101.781	36141.7
102.84	36124.3
103.91	36106.7
104.991	36089.1
106.083	36071.5
107.186	36053.7
108.301	36035.9
109.426	36018
110.564	36000
111.712	35982
112.872	35963.9
114.044	35945.7
115.228	35927.5
116.424	35909.1
117.632	35890.7
118.852	35872.3
120.084	35853.7
121.329	35835.1
122.587	35816.4
123.857	35797.6
125.14	35778.8
126.436	35759.9
127.745	35740.9
129.067	35721.8
130.403	35702.7
131.751	35683.5
133.114	35664.2
134.49	35644.8
135.88	35625.4
137.284	35605.8
138.702	35586.2
140.135	35566.6
141.582	35546.8
143.043	35527
144.519	35507.1
146.009	35487.1
147.515	35467.1
149.036	35446.9
150.572	35426.7
152.123	35406.4
153.69	35386.1
155.273	35365.6
156.871	35345.1
158.485	35324.5
160.115	35303.8
161.762	35283
163.425	35262.2
165.105	35241.3
166.801	35220.3
168.515	35199.2
170.245	35178
171.992	35156.8
173.757	35135.4
175.54	35114
177.34	35092.5
179.158	35071
180.994	35049.3
182.848	35027.6
184.721	35005.8
186.612	34983.9
188.522	34961.9
190.451	34939.9
192.399	34917.7
194.366	34895.5
196.353	34873.2
198.359	34850.8
200.385	34828.3
202.431	34805.8
204.498	34783.1
206.584	34760.4
208.691	34737.6
210.819	34714.7
212.968	34691.7
215.138	34668.7
217.329	34645.5
219.542	34622.3
221.776	34599
224.033	34575.6
226.312	34552.1
228.612	34528.5
230.936	34504.8
233.282	34481.1
235.651	34457.3
238.043	34433.4
240.459	34409.4
242.898	34385.3
245.361	34361.1
247.848	34336.8
250.359	34312.5
252.895	34288
255.455	34263.5
258.041	34238.9
260.651	34214.2
263.287	34189.4
265.948	34164.5
268.636	34139.6
271.349	34114.5
274.088	34089.4
276.854	34064.1
279.647	34038.8
282.467	34013.4
285.314	33987.9
288.189	33962.3
291.091	33936.7
294.021	33910.9
296.98	33885
299.967	33859.1
302.983	33833
306.028	33806.9
309.102	33780.7
312.205	33754.4
315.339	33728
318.502	33701.5
321.696	33674.9
324.92	33648.3
328.175	33621.5
331.461	33594.7
334.779	33567.7
338.128	33540.7
341.509	33513.5
344.923	33486.3
348.369	33459
351.848	33431.6
355.36	33404.1
358.905	33376.5
362.484	33348.8
366.097	33321.1
369.744	33293.2
373.425	33265.3
377.142	33237.2
380.894	33209.1
384.681	33180.8
388.504	33152.5
392.363	33124.1
396.258	33095.6
400.19	33066.9
404.159	33038.2
408.165	33009.4
412.209	32980.6
416.291	32951.6
420.411	32922.5
424.57	32893.3
428.768	32864
433.004	32834.7
437.281	32805.2
441.597	32775.7
445.954	32746
450.352	32716.3
454.79	32686.5
459.269	32656.5
463.79	32626.5
468.353	32596.4
472.959	32566.2
477.607	32535.9
482.298	32505.5
487.033	32475
491.811	32444.4
496.633	32413.7
501.5	32382.9
506.412	32352
511.369	32321
516.371	32290
521.419	32258.8
526.514	32227.5
531.655	32196.2
536.844	32164.7
542.08	32133.2
547.363	32101.5
552.695	32069.8
558.076	32037.9
563.505	32006
568.984	31974
574.513	31941.9
580.092	31909.6
585.721	31877.3
591.402	31844.9
597.133	31812.4
602.917	31779.8
608.753	31747.1
614.641	31714.3
620.582	31681.4
626.577	31648.4
632.626	31615.3
638.729	31582.1
644.886	31548.8
651.099	31515.5
657.367	31482
663.692	31448.4
670.072	31414.8
676.51	31381
683.004	31347.1
689.557	31313.2
696.167	31279.1
702.836	31245
709.564	31210.8
716.352	31176.4
723.199	31142
730.107	31107.4
737.076	31072.8
744.106	31038.1
751.197	31003.3
758.351	30968.4
765.567	30933.4
772.847	30898.3
780.19	30863.1
787.597	30827.8
795.068	30792.4
802.604	30756.9
810.206	30721.3
817.874	30685.6
825.608	30649.8
833.409	30614
841.277	30578
849.213	30541.9
857.217	30505.8
865.29	30469.5
873.432	30433.2
881.644	30396.7
889.925	30360.2
898.278	30323.6
906.702	30286.9
915.197	30250
923.765	30213.1
932.405	30176.1
941.119	30139
949.906	30101.8
958.767	30064.5
967.702	30027.1
976.713	29989.7
985.799	29952.1
994.962	29914.4
1004.2	29876.7
1013.52	29838.8
1022.91	29800.9
1032.38	29762.8
1041.93	29724.7
1051.56	29686.5
1061.27	29648.1
1071.06	29609.7
1080.93	29571.2
1090.88	29532.6
1100.92	29493.9
1111.03	29455.2
1121.23	29416.3
1131.51	29377.3
1141.88	29338.3
1152.33	29299.1
1162.86	29259.9
1173.48	29220.6
1184.18	29181.2
1194.97	29141.6
1205.85	29102
1216.82	29062.4
1227.87	29022.6
1239.01	28982.7
1250.24	28942.7
1261.56	28902.7
1272.97	28862.6
1284.47	28822.3
1296.06	28782
1307.74	28741.6
1319.51	28701.1
1331.38	28660.5
1343.34	28619.9
1355.39	28579.1
1367.54	28538.3
1379.78	28497.3
1392.11	28456.3
1404.54	28415.2
1417.07	28374
1429.69	28332.8
1442.41	28291.4
1455.23	28249.9
1468.14	28208.4
1481.15	28166.8
1494.26	28125.1
1507.48	28083.3
1520.79	28041.4
1534.2	27999.5
1547.71	27957.4
1561.32	27915.3
1575.03	27873.1
1588.85	27830.8
1602.77	27788.4
1616.79	27746
1630.92	27703.4
1645.14	27660.8
1659.48	27618.1
1673.92	27575.3
1688.46	27532.4
1703.11	27489.5
1717.86	27446.5
1732.72	27403.3
1747.69	27360.2
1762.77	27316.9
1777.95	27273.5
1793.24	27230.1
1808.64	27186.6
1824.15	27143
1839.77	27099.4
1855.5	27055.6
1871.34	27011.8
1887.29	26967.9
1903.34	26923.9
1919.52	26879.9
1935.8	26835.8
1952.19	26791.6
1968.7	26747.3
1985.32	26703
2002.05	26658.5
2018.89	26614
2035.85	26569.5
2052.92	26524.8
2070.11	26480.1
2087.41	26435.3
2104.83	26390.5
2122.36	26345.5
2140	26300.5
2157.77	26255.5
2175.64	26210.3
2193.64	26165.1
2211.75	26119.8
2229.97	26074.5
2248.31	26029.1
2266.77	25983.6
2285.35	25938
2304.04	25892.4
2322.85	25846.7
2341.78	25800.9
2360.83	25755.1
2379.99	25709.2
2399.28	25663.2
2418.68	25617.2
2438.19	25571.1
2457.83	25525
2477.59	25478.8
2497.46	25432.5
2517.45	25386.1
2537.56	25339.7
2557.79	25293.3
2578.14	25246.7
2598.61	25200.2
2619.19	25153.5
2639.89	25106.8
2660.72	25060
2681.66	25013.2
2702.72	24966.3
2723.89	24919.4
2745.19	24872.4
2766.6	24825.3
2788.13	24778.2
2809.78	24731
2831.55	24683.8
2853.44	24636.5
2875.44	24589.2
2897.56	24541.8
2919.79	24494.3
2942.15	24446.8
2964.62	24399.3
2987.2	24351.6
3009.9	24304
3032.72	24256.3
3055.65	24208.5
3078.7	24160.7
3101.86	24112.8
3125.14	24064.9
3148.52	24017
3172.03	23969
3195.64	23920.9
3219.37	23872.8
3243.21	23824.7
3267.16	23776.5
3291.23	23728.2
3315.4	23679.9
3339.68	23631.6
3364.07	23583.2
3388.57	23534.8
3413.18	23486.4
3437.9	23437.9
3462.72	23389.3
3487.65	23340.7
3512.69	23292.1
3537.83	23243.4
3563.07	23194.7
3588.42	23146
3613.86	23097.2
3639.41	23048.4
3665.07	22999.5
3690.82	22950.6
3716.67	22901.7
3742.61	22852.7
3768.66	22803.7
3794.8	22754.7
3821.03	22705.6
3847.36	22656.5
3873.79	22607.4
3900.3	22558.2
3926.91	22509
3953.61	22459.8
3980.39	22410.6
4007.26	22361.3
4034.22	22312
4061.27	22262.6
4088.4	22213.2
4115.61	22163.8
4142.9	22114.4
4170.27	22064.9
4197.73	22015.5
4225.25	21966
4252.86	21916.4
4280.54	21866.9
4308.29	21817.3
4336.12	21767.7
4364.02	21718.1
4391.98	21668.4
4420.01	21618.8
4448.11	21569.1
4476.27	21519.4
4504.5	21469.7
4532.78	21419.9
4561.13	21370.2
4589.53	21320.4
4617.99	21270.6
4646.5	21220.8
4675.07	21171
4703.69	21121.2
4732.35	21071.3
4761.06	21021.4
4789.82	20971.6
4818.62	20921.7
4847.46	20871.8
4876.34	20821.9
4905.26	20771.9
4934.22	20722
4963.21	20672.1
4992.23	20622.1
5021.27	20572.2
5050.35	20522.2
5079.45	20472.2
5108.58	20422.3
5137.73	20372.3
5166.89	20322.3
5196.07	20272.3
5225.27	20222.3
5254.48	20172.3
5283.69	20122.3
5312.92	20072.3
5342.15	20022.3
5371.39	19972.3
5400.62	19922.3
5429.86	19872.3
5459.09	19822.3
5488.31	19772.3
5517.53	19722.4
5546.73	19672.4
5575.92	19622.4
5605.09	19572.4
5634.25	19522.4
5663.38	19472.5
5692.49	19422.5
5721.58	19372.5
5750.63	19322.6
5779.66	19272.7
5808.65	19222.7
5837.6	19172.8
5866.52	19122.9
5895.39	19073
5924.22	19023.1
5953	18973.2
5981.74	18923.4
6010.42	18873.5
6039.04	18823.7
6067.61	18773.9
6096.12	18724.1
6124.56	18674.3
6152.94	18624.5
6181.25	18574.8
6209.49	18525
6237.65	18475.3
6265.74	18425.6
6293.75	18375.9
6321.67	18326.3
6349.52	18276.6
6377.27	18227
6404.93	18177.4
6432.5	18127.8
6459.98	18078.3
6487.35	18028.8
6514.62	17979.3
6541.79	17929.8
6568.85	17880.3
6595.8	17830.9
6622.64	17781.5
6649.37	17732.1
6675.97	17682.8
6702.46	17633.5
6728.82	17584.2
6755.05	17534.9
6781.15	17485.7
6807.13	17436.5
6832.97	17387.4
6858.67	17338.2
6884.23	17289.1
6909.65	17240.1
6934.92	17191
6960.04	17142
6985.02	17093.1
7009.84	17044.1
7034.5	16995.3
7059	16946.4
7083.35	16897.6
7107.53	16848.8
7131.54	16800.1
7155.39	16751.4
7179.06	16702.7
7202.56	16654.1
7225.88	16605.5
7249.03	16557
7271.99	16508.5
7294.77	16460
7317.36	16411.6
7339.77	16363.2
7361.98	16314.9
7384	16266.6
7405.82	16218.4
7427.45	16170.2
7448.87	16122.1
7470.09	16074
7491.11	16025.9
7511.92	15977.9
7532.53	15930
7552.92	15882.1
7573.09	15834.2
7593.06	15786.4
7612.8	15738.6
7632.32	15690.9
7651.63	15643.3
7670.71	15595.7
7689.57	15548.1
7708.19	15500.6
7726.59	15453.2
7744.76	15405.8
7762.7	15358.5
7780.4	15311.2
7797.87	15264
7815.1	15216.8
7832.09	15169.7
7848.83	15122.6
7865.34	15075.6
7881.6	15028.7
7897.62	14981.8
7913.39	14935
7928.91	14888.2
7944.18	14841.5
7959.2	14794.9
7973.97	14748.3
7988.49	14701.8
8002.75	14655.3
8016.75	14608.9
8030.5	14562.6
8043.99	14516.3
8057.22	14470.1
8070.19	14423.9
8082.9	14377.9
8095.35	14331.8
8107.53	14285.9
8119.45	14240
8131.11	14194.2
8142.5	14148.4
8153.62	14102.8
8164.48	14057.1
8175.07	14011.6
8185.4	13966.1
8195.45	13920.7
8205.24	13875.3
8214.75	13830.1
8224	13784.9
8232.98	13739.7
8241.68	13694.7
8250.12	13649.7
8258.28	13604.7
8266.17	13559.9
8273.79	13515.1
8281.14	13470.4
8288.22	13425.8
8295.03	13381.2
8301.56	13336.7
8307.83	13292.3
8313.82	13248
8319.54	13203.7
8324.99	13159.5
8330.16	13115.4
8335.07	13071.4
8339.71	13027.4
8344.07	12983.5
8348.17	12939.7
8351.99	12896
8355.55	12852.3
8358.84	12808.8
8361.86	12765.3
8364.61	12721.8
8367.09	12678.5
8369.31	12635.2
8371.27	12592.1
8372.95	12549
8374.38	12505.9
8375.54	12463
8376.43	12420.1
8377.07	12377.4
8377.44	12334.7
8377.55	12292.1
8377.41	12249.5
8377	12207.1
8376.34	12164.7
8375.42	12122.4
8374.25	12080.2
8372.82	12038.1
8371.14	11996.1
8369.21	11954.1
8367.02	11912.2
8364.59	11870.5
8361.9	11828.8
8358.97	11787.2
8355.8	11745.6
8352.38	11704.2
8348.71	11662.8
8344.8	11621.6
8340.66	11580.4
8336.27	11539.3
8331.65	11498.3
8326.79	11457.4
8321.69	11416.5
8316.36	11375.8
8310.8	11335.1
8305.01	11294.6
8298.99	11254.1
8292.74	11213.7
8286.27	11173.4
8279.57	11133.2
8272.65	11093
8265.51	11053
8258.15	11013
8250.58	10973.2
8242.78	10933.4
8234.78	10893.7
8226.56	10854.1
8218.13	10814.6
8209.49	10775.2
8200.64	10735.9
8191.59	10696.7
8182.34	10657.6
8172.88	10618.5
8163.23	10579.6
8153.37	10540.7
8143.32	10501.9
8133.08	10463.2
8122.64	10424.7
8112.02	10386.2
8101.2	10347.8
8090.2	10309.5
8079.01	10271.2
8067.64	10233.1
8056.09	10195.1
8044.36	10157.2
8032.45	10119.3
8020.36	10081.6
8008.11	10043.9
7995.68	10006.3
7983.08	9968.87
7970.31	9931.5
7957.38	9894.22
7944.29	9857.03
7931.03	9819.94
7917.61	9782.94
7904.04	9746.04
7890.3	9709.23
7876.42	9672.51
7862.38	9635.89
7848.2	9599.36
7833.86	9562.93
7819.38	9526.6
7804.75	9490.36
7789.98	9454.21
7775.08	9418.16
7760.03	9382.2
7744.85	9346.34
7729.53	9310.58
7714.08	9274.91
7698.49	9239.34
7682.78	9203.86
7666.95	9168.48
7650.99	9133.19
7634.9	9098
7618.69	9062.9
7602.37	9027.9
7585.93	8993
7569.37	8958.19
7552.7	8923.48
7535.91	8888.86
7519.02	8854.34
7502.02	8819.92
7484.91	8785.59
7467.7	8751.36
7450.38	8717.23
7432.97	8683.19
7415.46	8649.24
7397.85	8615.4
7380.14	8581.65
7362.34	8547.99
7344.45	8514.43
7326.47	8480.97
7308.4	8447.6
7290.25	8414.33
7272.01	8381.16
7253.69	8348.08
7235.28	8315.1
7216.8	8282.22
7198.24	8249.43
7179.6	8216.74
7160.89	8184.14
7142.11	8151.64
7123.25	8119.24
7104.33	8086.93
7085.34	8054.72
7066.28	8022.6
7047.16	7990.58
7027.98	7958.66
7008.73	7926.83
6989.43	7895.1
6970.06	7863.46
6950.65	7831.92
6931.17	7800.48
6911.64	7769.13
6892.06	7737.88
6872.43	7706.72
6852.75	7675.66
6833.03	7644.69
6813.25	7613.82
6793.44	7583.05
6773.58	7552.37
6753.67	7521.78
6733.73	7491.29
6713.75	7460.9
6693.73	7430.6
6673.68	7400.4
6653.59	7370.29
6633.47	7340.27
6613.32	7310.35
6593.13	7280.53
6572.92	7250.8
6552.68	7221.17
6532.41	7191.63
6512.11	7162.18
6491.8	7132.83
6471.46	7103.57
6451.09	7074.41
6430.71	7045.34
6410.31	7016.36
6389.89	6987.48
6369.45	6958.69
6349	6930
6328.54	6901.4
6308.06	6872.89
6287.56	6844.48
6267.06	6816.16
6246.55	6787.93
6226.03	6759.8
6205.5	6731.76
6184.96	6703.81
6164.42	6675.96
6143.88	6648.19
6123.33	6620.52
6102.77	6592.95
6082.22	6565.46
6061.67	6538.07
6041.11	6510.77
6020.56	6483.56
6000.01	6456.44
5979.47	6429.42
5958.93	6402.48
5938.39	6375.64
5917.86	6348.89
5897.34	6322.23
5876.83	6295.66
5856.32	6269.18
5835.83	6242.79
5815.34	6216.49
5794.87	6190.29
5774.41	6164.17
5753.96	6138.14
5733.53	6112.21
5713.11	6086.36
5692.71	6060.61
5721.52	6087.29
5750.43	6114.07
5779.43	6140.95
5808.52	6167.94
5837.71	6195.02
5866.99	6222.21
5896.36	6249.5
5925.82	6276.89
5955.38	6304.39
5985.04	6331.99
6014.78	6359.69
6044.62	6387.5
6074.56	6415.41
6104.59	6443.42
6134.72	6471.54
6164.94	6499.76
6195.26	6528.08
6225.67	6556.52
6256.18	6585.05
6286.78	6613.69
6317.49	6642.44
6348.29	6671.29
6379.18	6700.25
6410.17	6729.32
6441.26	6758.49
6472.45	6787.77
6503.74	6817.15
6535.12	6846.64
6566.61	6876.24
6598.19	6905.95
6629.87	6935.77
6661.65	6965.69
6693.52	6995.72
6725.5	7025.86
6757.58	7056.1
6789.76	7086.46
6822.03	7116.93
6854.41	7147.5
6886.89	7178.18
6919.47	7208.98
6952.15	7239.88
6984.93	7270.89
7017.81	7302.01
7050.8	7333.25
7083.88	7364.59
7117.07	7396.05
7150.36	7427.61
7183.76	7459.29
7217.25	7491.08
7250.85	7522.98
7284.55	7554.99
7318.36	7587.11
7352.27	7619.35
7386.28	7651.69
7420.4	7684.15
7454.62	7716.73
7488.94	7749.41
7523.37	7782.21
7557.91	7815.12
7592.54	7848.15
7627.29	7881.28
7662.14	7914.53
7697.09	7947.9
7732.15	7981.38
7767.32	8014.97
7802.59	8048.68
7837.97	8082.5
7873.46	8116.44
7909.05	8150.49
7944.75	8184.66
7980.56	8218.94
8016.47	8253.34
8052.49	8287.85
8088.62	8322.48
8124.85	8357.22
8161.2	8392.08
8197.65	8427.06
8234.21	8462.15
8270.88	8497.36
8307.65	8532.69
8344.54	8568.13
8381.53	8603.68
8418.64	8639.36
8455.85	8675.15
8493.17	8711.06
8530.6	8747.08
8568.14	8783.23
8605.79	8819.49
8643.55	8855.87
8681.43	8892.36
8719.41	8928.97
8757.5	8965.7
8795.7	9002.55
8834.01	9039.52
8872.43	9076.61
8910.97	9113.81
8949.61	9151.13
8988.37	9188.57
9027.24	9226.13
9066.21	9263.81
9105.3	9301.61
9144.51	9339.52
9183.82	9377.56
9223.25	9415.71
9262.78	9453.98
9302.43	9492.37
9342.19	9530.89
9382.07	9569.52
9422.05	9608.27
9462.15	9647.14
9502.36	9686.12
9542.68	9725.23
9583.12	9764.46
9623.67	9803.81
9664.33	9843.28
9705.11	9882.86
9745.99	9922.57
9787	9962.4
9828.11	10002.3
9869.34	10042.4
9910.68	10082.6
9952.13	10122.9
9993.7	10163.3
10035.4	10203.9
10077.2	10244.5
10119.1	10285.3
10161.1	10326.2
10203.2	10367.3
10245.5	10408.4
10287.9	10449.7
10330.3	10491.1
10372.9	10532.6
10415.6	10574.2
10458.5	10616
10501.4	10657.8
10544.4	10699.8
10587.6	10741.9
10630.9	10784.2
10674.3	10826.5
10717.8	10869
10761.4	10911.6
10805.1	10954.3
10849	10997.1
10892.9	11040.1
10937	11083.1
10981.2	11126.3
11025.5	11169.7
11069.9	11213.1
11114.4	11256.6
11159.1	11300.3
11203.8	11344.1
11248.7	11388
11293.7	11432
11338.8	11476.2
11384	11520.5
11429.3	11564.9
11474.8	11609.4
11520.3	11654
11566	11698.7
11611.8	11743.6
11657.7	11788.6
11703.7	11833.7
11749.8	11878.9
11796	11924.3
11842.4	11969.7
11888.9	12015.3
11935.4	12061
11982.1	12106.8
12028.9	12152.8
12075.8	12198.8
12122.9	12245
12170	12291.3
12217.3	12337.7
12264.6	12384.2
12312.1	12430.9
12359.7	12477.6
12407.4	12524.5
12455.2	12571.5
12503.1	12618.6
12551.2	12665.8
12599.3	12713.2
12647.6	12760.6
12696	12808.2
12744.4	12855.9
12793	12903.7
12841.7	12951.6
12890.6	12999.7
12939.5	13047.8
12988.5	13096.1
13037.7	13144.5
13086.9	13193
13136.3	13241.6
13185.8	13290.4
13235.4	13339.2
13285.1	13388.2
13334.9	13437.2
13384.8	13486.4
13434.8	13535.7
13484.9	13585.1
13535.2	13634.7
13585.5	13684.3
13636	13734
13686.5	13783.9
13737.2	13833.9
13788	13884
13838.9	13934.2
13889.9	13984.5
13941	14034.9
13992.2	14085.4
14043.5	14136.1
14094.9	14186.8
14146.4	14237.7
14198.1	14288.7
14249.8	14339.7
14301.6	14390.9
14353.6	14442.2
14405.6	14493.6
14457.8	14545.2
14510	14596.8
14562.4	14648.5
14614.9	14700.4
14667.4	14752.3
14720.1	14804.4
14772.9	14856.5
14825.7	14908.8
14878.7	14961.1
14931.8	15013.6
14985	15066.2
15038.2	15118.9
15091.6	15171.7
15145.1	15224.6
15198.7	15277.6
15252.3	15330.7
15306.1	15383.9
15360	15437.2
15414	15490.6
15468	15544.1
15522.2	15597.7
15576.5	15651.4
15630.8	15705.2
15685.3	15759.1
15739.8	15813.1
15794.5	15867.2
15849.2	15921.4
15904.1	15975.8
15959	16030.2
16014	16084.7
16069.2	16139.3
16124.4	16194
16179.7	16248.7
16235.1	16303.6
16290.6	16358.6
16346.2	16413.7
16401.8	16468.9
16457.6	16524.1
16513.5	16579.5
16569.4	16635
16625.5	16690.5
16681.6	16746.2
16737.8	16801.9
16794.1	16857.7
16850.5	16913.6
16907	16969.6
16963.5	17025.7
17020.2	17081.9
17076.9	17138.2
17133.8	17194.6
17190.7	17251
17247.7	17307.5
17304.7	17364.2
17361.9	17420.9
17419.1	17477.7
17476.5	17534.6
17533.9	17591.5
17591.4	17648.6
17648.9	17705.7
17706.6	17763
17764.3	17820.3
17822.1	17877.6
17880	17935.1
17938	17992.7
17996	18050.3
18054.2	18108
18112.4	18165.8
18170.6	18223.7
18229	18281.6
18287.4	18339.6
18345.9	18397.7
18404.5	18455.9
18463.1	18514.2
18521.9	18572.5
18580.7	18630.9
18639.5	18689.4
18698.5	18747.9
18757.5	18806.6
18816.6	18865.3
18875.7	18924
18934.9	18982.9
18994.2	19041.8
19053.6	19100.8
19113	19159.8
19172.5	19219
19232	19278.2
19291.6	19337.4
19351.3	19396.7
19411.1	19456.1
19470.9	19515.6
19530.7	19575.1
19590.7	19634.7
19650.7	19694.4
19710.7	19754.1
19770.8	19813.9
19831	19873.7
19891.3	19933.6
19951.6	19993.6
20011.9	20053.6
20072.3	20113.7
20132.8	20173.8
20193.3	20234
20253.9	20294.3
20314.5	20354.6
20375.2	20415
20435.9	20475.4
20496.7	20535.9
20557.6	20596.4
20618.5	20657
20679.4	20717.6
20740.4	20778.3
20801.4	20839.1
20862.5	20899.8
20923.7	20960.7
20984.8	21021.6
21046.1	21082.5
21107.4	21143.5
21168.7	21204.6
21230.1	21265.6
21291.5	21326.8
21352.9	21387.9
21414.4	21449.2
21476	21510.4
21537.5	21571.7
21599.1	21633.1
21660.8	21694.5
21722.5	21755.9
21784.2	21817.3
21846	21878.9
21907.8	21940.4
21969.7	22002
22031.5	22063.6
22093.4	22125.3
22155.4	22186.9
22217.4	22248.7
22279.4	22310.4
22341.4	22372.2
22403.5	22434
22465.6	22495.9
22527.7	22557.8
22589.9	22619.7
22652.1	22681.7
22714.3	22743.6
22776.6	22805.6
22838.8	22867.7
22901.1	22929.7
22963.4	22991.8
23025.8	23053.9
23088.1	23116.1
23150.5	23178.2
23212.9	23240.4
23275.3	23302.6
23337.8	23364.8
23400.3	23427.1
23462.7	23489.3
23525.2	23551.6
23587.7	23613.9
23650.3	23676.2
23712.8	23738.6
23775.4	23800.9
23838	23863.3
23900.5	23925.6
23963.1	23988
24025.7	24050.4
24088.4	24112.9
24151	24175.3
24213.6	24237.7
24276.3	24300.2
24338.9	24362.6
24401.6	24425.1
24464.3	24487.6
24526.9	24550
24589.6	24612.5
24652.3	24675
24715	24737.5
24777.6	24800
24840.3	24862.5
24903	24925
24965.7	24987.5
25028.4	25050
25091	25112.5
25153.7	25175
25216.4	25237.5
25279.1	25300
25341.7	25362.5
25404.4	25424.9
25467	25487.4
25529.7	25549.9
25592.3	25612.4
25654.9	25674.8
25717.6	25737.3
25780.2	25799.7
25842.8	25862.1
25905.3	25924.6
25967.9	25987
26030.5	26049.4
26093	26111.7
26155.5	26174.1
26218.1	26236.5
26280.5	26298.8
26343	26361.1
26405.5	26423.4
26467.9	26485.7
26530.3	26548
26592.7	26610.2
26655.1	26672.5
26717.5	26734.7
26779.8	26796.9
26842.1	26859
26904.4	26921.2
26966.7	26983.3
27028.9	27045.4
27091.1	27107.5
27153.3	27169.5
27215.5	27231.5
27277.6	27293.5
27339.7	27355.5
27401.7	27417.4
27463.8	27479.3
27525.8	27541.2
27587.8	27603
27649.7	27664.8
27711.6	27726.6
27773.5	27788.3
27835.3	27850
27897.1	27911.7
27958.9	27973.3
28020.6	28034.9
28082.3	28096.5
28143.9	28158
28205.5	28219.5
28267.1	28280.9
28328.6	28342.4
28390.1	28403.7
28451.5	28465
28512.9	28526.3
28574.3	28587.5
28635.6	28648.7
28696.8	28709.9
28758	28771
28819.2	28832
28880.3	28893.1
28941.4	28954
29002.4	29014.9
29063.4	29075.8
29124.3	29136.6
29185.2	29197.4
29246	29258.1
29306.8	29318.7
29367.5	29379.3
29428.1	29439.9
29488.8	29500.4
29549.3	29560.8
29609.8	29621.2
29670.2	29681.6
29730.6	29741.9
29790.9	29802.1
29851.2	29862.2
29911.4	29922.4
29971.5	29982.4
30031.6	30042.4
30091.7	30102.3
30151.6	30162.2
30211.5	30222
30271.3	30281.7
30331.1	30341.4
30390.8	30401
30450.5	30460.6
30510	30520.1
30569.5	30579.5
30629	30638.8
30688.4	30698.1
30747.7	30757.3
30806.9	30816.5
30866.1	30875.6
30925.2	30934.6
30984.2	30993.5
31043.2	31052.4
31102	31111.2
31160.8	31169.9
31219.6	31228.6
31278.3	31287.2
31336.8	31345.7
31395.4	31404.1
31453.8	31462.5
31512.2	31520.8
31570.4	31579
31628.7	31637.1
31686.8	31695.2
31744.8	31753.1
31802.8	31811
31860.7	31868.9
31918.5	31926.6
31976.3	31984.3
32033.9	32041.8
32091.5	32099.3
32149	32156.8
32206.4	32214.1
32263.7	32271.4
32321	32328.5
32378.1	32385.6
32435.2	32442.6
32492.2	32499.5
32549.1	32556.4
32605.9	32613.1
32662.6	32669.8
32719.2	32726.3
32775.8	32782.8
32832.3	32839.2
32888.6	32895.5
32944.9	32951.8
33001.1	33007.9
33057.2	33063.9
33113.2	33119.9
33169.2	33175.8
33225	33231.5
33280.7	33287.2
33336.4	33342.8
33391.9	33398.3
33447.4	33453.7
33502.7	33509
33558	33564.2
33613.2	33619.3
33668.3	33674.3
33723.2	33729.3
33778.1	33784.1
33832.9	33838.8
33887.6	33893.5
33942.2	33948
33996.7	34002.5
34051.1	34056.8
34105.4	34111.1
34159.6	34165.2
34213.7	34219.3
34267.7	34273.2
34321.6	34327.1
34375.4	34380.8
34429.1	34434.5
34482.7	34488
34536.2	34541.5
34589.6	34594.8
34642.9	34648
34696.1	34701.2
34749.2	34754.2
34802.2	34807.2
34855	34860
34907.8	34912.7
34960.5	34965.3
35013	35017.9
35065.5	35070.3
35117.8	35122.6
35170.1	35174.8
35222.2	35226.9
35274.3	35278.9
35326.2	35330.7
35378	35382.5
35429.7	35434.2
35481.3	35485.7
35532.8	35537.2
35584.2	35588.5
35635.5	35639.8
35686.6	35690.9
35737.7	35741.9
35788.6	35792.8
35839.5	35843.6
35890.2	35894.3
35940.8	35944.9
35991.3	35995.3
36041.7	36045.7
36092	36095.9
36142.1	36146.1
36192.2	36196.1
36242.2	36246
36292	36295.8
36341.7	36345.5
36391.3	36395
36440.8	36444.5
36490.2	36493.8
36539.5	36543.1
36588.6	36592.2
36637.6	36641.2
36686.6	36690.1
36735.4	36738.9
36784.1	36787.5
36832.7	36836.1
36881.1	36884.5
36929.5	36932.8
36977.7	36981
37025.8	37029.1
37073.8	37077.1
37121.7	37125
37169.5	37172.7
37217.1	37220.3
37264.7	37267.8
37312.1	37315.2
37359.4	37362.5
37406.6	37409.7
37453.7	37456.7
37500.6	37503.6
37547.5	37550.4
37594.2	37597.1
37640.8	37643.7
37687.3	37690.1
37733.6	37736.5
37779.9	37782.7
37826	37828.8
37872	37874.8
37917.9	37920.7
37963.7	37966.4
38009.3	38012
38054.9	38057.5
38100.3	38102.9
38145.6	38148.2
38190.8	38193.4
38235.8	38238.4
38280.8	38283.3
38325.6	38328.1
38370.3	38372.8
38414.9	38417.3
38459.3	38461.8
38503.7	38506.1
38547.9	38550.3
38592	38594.4
38636	38638.3
38679.8	38682.2
38723.6	38725.9
38767.2	38769.5
38810.7	38813
38854.1	38856.3
38897.3	38899.6
38940.5	38942.7
38983.5	38985.7
39026.4	39028.6
39069.2	39071.3
39111.9	39114
39154.4	39156.5
39196.8	39198.9
39239.1	39241.2
39281.3	39283.3
39323.3	39325.4
39365.3	39367.3
39407.1	39409.1
39448.8	39450.8
39490.4	39492.3
39531.8	39533.7
39573.2	39575.1
39614.4	39616.3
39655.5	39657.3
39696.5	39698.3
39737.3	39739.1
39778	39779.8
39818.7	39820.4
39859.1	39860.9
39899.5	39901.3
39939.8	39941.5
39979.9	39981.6
40019.9	40021.6
40059.8	40061.5
40099.6	40101.2
40139.2	40140.9
40178.8	40180.4
40218.2	40219.8
40257.5	40259.1
40296.6	40298.2
40335.7	40337.3
40374.6	40376.2
40413.4	40415
40452.1	40453.7
40490.7	40492.2
40529.2	40530.7
40567.5	40569
40605.7	40607.2
40643.8	40645.3
40681.8	40683.2
40719.6	40721.1
40757.4	40758.8
40795	40796.4
40832.5	40833.9
40869.9	40871.3
40907.1	40908.5
40944.3	40945.6
40981.3	40982.6
41018.2	41019.5
41055	41056.3
41091.7	41093
41128.3	41129.5
41164.7	41166
41201	41202.3
41237.2	41238.5
41273.3	41274.5
41309.3	41310.5
41345.1	41346.3
41380.8	41382
41416.5	41417.6
41452	41453.1
41487.3	41488.5
41522.6	41523.8
41557.8	41558.9
41592.8	41593.9
41627.7	41628.8
41662.5	41663.6
41697.2	41698.3
41731.8	41732.8
41766.2	41767.3
41800.6	41801.6
41834.8	41835.8
41868.9	41869.9
41902.9	41903.9
41936.8	41937.8
41970.5	41971.5
42004.2	42005.2
42037.7	42038.7
42071.1	42072.1
42104.4	42105.4
42137.6	42138.6
42170.7	42171.7
42203.7	42204.6
42236.5	42237.5
42269.3	42270.2
42301.9	42302.8
42334.4	42335.3
42366.8	42367.7
42399.1	42400
42431.3	42432.2
42463.4	42464.2
42495.3	42496.2
42527.1	42528
42558.9	42559.7
42590.5	42591.3
42622	42622.8
42653.4	42654.2
42684.7	42685.5
42715.9	42716.7
42746.9	42747.7
42777.9	42778.7
42808.7	42809.5
42839.5	42840.2
42870.1	42870.8
42900.6	42901.3
42931	42931.7
42961.3	42962
42991.5	42992.2
43021.6	43022.3
43051.6	43052.3
43081.4	43082.1
43111.2	43111.9
43140.8	43141.5
43170.4	43171
43199.8	43200.5
43229.1	43229.8
43258.3	43259
43287.5	43288.1
43316.5	43317.1
43345.4	43346
43374.2	43374.8
43402.9	43403.5
43431.4	43432.1
43459.9	43460.5
43488.3	43488.9
43516.6	43517.2
43544.7	43545.3
43572.8	43573.4
43600.8	43601.3
43628.6	43629.2
43656.4	43656.9
43684	43684.6
43711.5	43712.1
43739	43739.5
43766.3	43766.9
43793.6	43794.1
43820.7	43821.2
43847.7	43848.3
43874.6	43875.2
43901.5	43902
43928.2	43928.7
43954.8	43955.3
43981.4	43981.9
44007.8	44008.3
44034.1	44034.6
44060.3	44060.8
44086.4	44086.9
44112.5	44112.9
44138.4	44138.9
44164.2	44164.7
44189.9	44190.4
44215.6	44216
44241.1	44241.6
44266.5	44267
44291.9	44292.3
44317.1	44317.6
44342.2	44342.7
44367.3	44367.7
44392.2	44392.7
44417.1	44417.5
44441.8	44442.3
44466.5	44466.9
44491.1	44491.5
44515.5	44515.9
44539.9	44540.3
44564.2	44564.6
44588.3	44588.7
44612.4	44612.8
44636.4	44636.8
44660.3	44660.7
44684.1	44684.5
44707.8	44708.2
44731.4	44731.8
44755	44755.3
44778.4	44778.8
44801.7	44802.1
44825	44825.3
44848.1	44848.5
44871.2	44871.5
44894.2	44894.5
44917	44917.4
44939.8	44940.2
44962.5	44962.9
44985.1	44985.5
45007.6	45008
45030.1	45030.4
45052.4	45052.7
45074.7	45075
45096.8	45097.1
45118.9	45119.2
45140.9	45141.2
45162.8	45163.1
45184.6	45184.9
45206.3	45206.6
45227.9	45228.2
45249.5	45249.7
45270.9	45271.2
45292.3	45292.6
45313.6	45313.8
45334.7	45335
45355.9	45356.1
45376.9	45377.2
45397.8	45398.1
45418.7	45418.9
45439.4	45439.7
45460.1	45460.4
45480.7	45481
45501.2	45501.5
45521.7	45521.9
45542	45542.3
45562.3	45562.5
45582.4	45582.7
45602.5	45602.8
45622.6	45622.8
45642.5	45642.7
45662.3	45662.6
45682.1	45682.3
45701.8	45702
45721.4	45721.6
45740.9	45741.1
45760.4	45760.6
45779.7	45779.9
45799	45799.2
45818.2	45818.4
45837.3	45837.5
45856.4	45856.6
45875.3	45875.5
45894.2	45894.4
45913	45913.2
45931.8	45932
45950.4	45950.6
45969	45969.2
45987.5	45987.7
46005.9	46006.1
46024.2	46024.4
46042.5	46042.7
46060.7	46060.8
46078.8	46079
46096.8	46097
46114.8	46114.9
46132.6	46132.8
46150.4	46150.6
46168.2	46168.3
46185.8	46186
46203.4	46203.6
46220.9	46221.1
46238.3	46238.5
46255.7	46255.9
46273	46273.2
46290.2	46290.4
46307.3	46307.5
46324.4	46324.6
46341.4	46341.5
46358.3	46358.5
46375.2	46375.3
46391.9	46392.1
46408.6	46408.8
46425.3	46425.4
46441.8	46442
46458.3	46458.5
46474.7	46474.9
46491.1	46491.2
46507.4	46507.5
46523.6	46523.7
46539.7	46539.9
46555.8	46555.9
46571.8	46571.9
46587.7	46587.9
46603.6	46603.7
46619.4	46619.5
46635.1	46635.2
46650.8	46650.9
46666.4	46666.5
46681.9	46682
46697.3	46697.5
46712.7	46712.9
46728	46728.2
46743.3	46743.4
46758.5	46758.6
46773.6	46773.7
46788.7	46788.8
46803.7	46803.8
46818.6	46818.7
46833.5	46833.6
46848.3	46848.4
46863	46863.1
46877.7	46877.8
46892.3	46892.4
46906.8	46906.9
46921.3	46921.4
46935.7	46935.8
46950.1	46950.2
46964.3	46964.5
46978.6	46978.7
46992.7	46992.8
47006.8	47006.9
47020.9	47021
47034.9	47035
47048.8	47048.9
47062.6	47062.7
47076.4	47076.5
47090.2	47090.2
47103.8	47103.9
47117.4	47117.5
47131	47131.1
47144.5	47144.6
47157.9	47158
47171.3	47171.4
47184.6	47184.7
47197.9	47197.9
47211.1	47211.1
47224.2	47224.3
47237.3	47237.4
47250.3	47250.4
47263.3	47263.3
47276.2	47276.3
47289	47289.1
47301.8	47301.9
47314.5	47314.6
47327.2	47327.3
47339.8	47339.9
47352.4	47352.5
47364.9	47365
47377.4	47377.4
47389.8	47389.8
47402.1	47402.2
47414.4	47414.5
47426.6	47426.7
47438.8	47438.9
47450.9	47451
47463	47463.1
47475	47475.1
47487	47487
47498.9	47499
47510.7	47510.8
47522.5	47522.6
47534.3	47534.4
47546	47546
47557.6	47557.7
47569.2	47569.3
47580.8	47580.8
47592.2	47592.3
47603.7	47603.7
47615.1	47615.1
47626.4	47626.4
47637.7	47637.7
47648.9	47649
47660.1	47660.1
47671.2	47671.3
47682.3	47682.3
47693.3	47693.4
47704.3	47704.3
47715.2	47715.3
47726.1	47726.1
47736.9	47737
47747.7	47747.7
47758.4	47758.5
47769.1	47769.2
47779.7	47779.8
47790.3	47790.4
47800.9	47800.9
47811.3	47811.4
47821.8	47821.8
47832.2	47832.2
47842.5	47842.6
47852.8	47852.9
47863.1	47863.1
47873.3	47873.3
47883.4	47883.5
47893.5	47893.6
47903.6	47903.7
47913.6	47913.7
47923.6	47923.6
47933.5	47933.6
47943.4	47943.5
47953.3	47953.3
47963	47963.1
47972.8	47972.8
47982.5	47982.5
47992.2	47992.2
48001.8	48001.8
48011.3	48011.4
48020.9	48020.9
48030.4	48030.4
48039.8	48039.8
48049.2	48049.2
48058.5	48058.6
48067.8	48067.9
48077.1	48077.1
48086.3	48086.4
48095.5	48095.6
48104.7	48104.7
48113.8	48113.8
48122.8	48122.8
48131.8	48131.9
48140.8	48140.8
48149.7	48149.8
48158.6	48158.6
48167.5	48167.5
48176.3	48176.3
48185	48185.1
48193.8	48193.8
48202.4	48202.5
48211.1	48211.1
48219.7	48219.7
48228.3	48228.3
48236.8	48236.8
48245.3	48245.3
48253.7	48253.7
48262.1	48262.1
48270.5	48270.5
48278.8	48278.8
48287.1	48287.1
48295.4	48295.4
48303.6	48303.6
48311.8	48311.8
48319.9	48319.9
48328	48328
48336	48336.1
48344.1	48344.1
48352.1	48352.1
48360	48360
48367.9	48367.9
48375.8	48375.8
48383.6	48383.7
48391.4	48391.5
48399.2	48399.2
48406.9	48407
48414.6	48414.7
48422.3	48422.3
48429.9	48429.9
48437.5	48437.5
48445	48445.1
48452.6	48452.6
48460	48460.1
48467.5	48467.5
48474.9	48474.9
48482.3	48482.3
48489.6	48489.6
48496.9	48496.9
48504.2	48504.2
48511.4	48511.5
48518.6	48518.7
48525.8	48525.8
48532.9	48533
48540	48540.1
48547.1	48547.1
48554.2	48554.2
48561.2	48561.2
48568.1	48568.1
48575.1	48575.1
48582	48582
48588.8	48588.9
48595.7	48595.7
48602.5	48602.5
48609.3	48609.3
48616	48616
48622.7	48622.7
48629.4	48629.4
48636.1	48636.1
48642.7	48642.7
48649.3	48649.3
48655.8	48655.8
48662.3	48662.4
48668.8	48668.9
48675.3	48675.3
48681.7	48681.8
48688.1	48688.1
48694.5	48694.5
48700.8	48700.9
48707.2	48707.2
48713.4	48713.5
48719.7	48719.7
48725.9	48725.9
48732.1	48732.1
48738.3	48738.3
48744.4	48744.4
48750.5	48750.5
48756.6	48756.6
48762.6	48762.7
48768.7	48768.7
48774.7	48774.7
48780.6	48780.6
48786.5	48786.6
48792.5	48792.5
48798.3	48798.3
48804.2	48804.2
48810	48810
48815.8	48815.8
48821.6	48821.6
48827.3	48827.3
48833	48833
48838.7	48838.7
48844.4	48844.4
48850	48850
48855.6	48855.6
48861.2	48861.2
48866.7	48866.7
48872.3	48872.3
48877.8	48877.8
48883.2	48883.2
48888.7	48888.7
48894.1	48894.1
48899.5	48899.5
48904.9	48904.9
48910.2	48910.2
48915.5	48915.5
48920.8	48920.8
48926.1	48926.1
48931.3	48931.3
48936.5	48936.5
48941.7	48941.7
48946.9	48946.9
48952	48952
48957.2	48957.2
48962.2	48962.3
48967.3	48967.3
48972.4	48972.4
48977.4	48977.4
48982.4	48982.4
48987.3	48987.4
48992.3	48992.3
48997.2	48997.2
49002.1	49002.1
49007	49007
49011.9	49011.9
49016.7	49016.7
49021.5	49021.5
49026.3	49026.3
49031	49031.1
49035.8	49035.8
49040.5	49040.5
49045.2	49045.2
49049.9	49049.9
49054.5	49054.5
49059.1	49059.2
49063.8	49063.8
49068.3	49068.3
49072.9	49072.9
49077.4	49077.4
49081.9	49082
49086.4	49086.4
49090.9	49090.9
49095.4	49095.4
49099.8	49099.8
49104.2	49104.2
49108.6	49108.6
49113	49113
49117.3	49117.3
49121.6	49121.6
49125.9	49125.9
49130.2	49130.2
49134.5	49134.5
49138.7	49138.7
49142.9	49143
49147.1	49147.2
49151.3	49151.3
49155.5	49155.5
49159.6	49159.6
49163.8	49163.8
49167.9	49167.9
49171.9	49171.9
49176	49176
49180	49180
49184.1	49184.1
49188.1	49188.1
49192.1	49192.1
49196	49196
49200	49200
49203.9	49203.9
49207.8	49207.8
49211.7	49211.7
49215.6	49215.6
49219.4	49219.4
49223.2	49223.2
49227.1	49227.1
49230.9	49230.9
49234.6	49234.6
49238.4	49238.4
49242.1	49242.1
49245.9	49245.9
49249.6	49249.6
49253.2	49253.3
49256.9	49256.9
49260.6	49260.6
49264.2	49264.2
49267.8	49267.8
49271.4	49271.4
49275	49275
49278.6	49278.6
49282.1	49282.1
49285.6	49285.6
49289.1	49289.2
49292.6	49292.6
49296.1	49296.1
49299.6	49299.6
49303	49303
49306.5	49306.5
49309.9	49309.9
49313.3	49313.3
49316.6	49316.6
49320	49320
49323.3	49323.3
49326.7	49326.7
49330	49330
49333.3	49333.3
49336.6	49336.6
49339.8	49339.8
49343.1	49343.1
49346.3	49346.3
49349.5	49349.5
49352.7	49352.7
49355.9	49355.9
49359.1	49359.1
49362.2	49362.3
49365.4	49365.4
49368.5	49368.5
49371.6	49371.6
49374.7	49374.7
49377.8	49377.8
49380.9	49380.9
49383.9	49383.9
49386.9	49387
49390	49390
49393	49393
49396	49396
49398.9	49398.9
49401.9	49401.9
49404.9	49404.9
49407.8	49407.8
49410.7	49410.7
49413.6	49413.6
49416.5	49416.5
49419.4	49419.4
49422.2	49422.2
49425.1	49425.1
49427.9	49427.9
49430.7	49430.7
49433.5	49433.6
49436.3	49436.3
49439.1	49439.1
49441.9	49441.9
49444.6	49444.6
49447.4	49447.4
49450.1	49450.1
49452.8	49452.8
49455.5	49455.5
49458.2	49458.2
49460.9	49460.9
49463.5	49463.5
49466.2	49466.2
49468.8	49468.8
49471.4	49471.4
49474.1	49474.1
49476.6	49476.6
49479.2	49479.2
49481.8	49481.8
49484.4	49484.4
49486.9	49486.9
49489.4	49489.4
49492	49492
49494.5	49494.5
49497	49497
49499.4	49499.4
49501.9	49501.9
49504.4	49504.4
49506.8	49506.8
49509.3	49509.3
49511.7	49511.7
49514.1	49514.1
49516.5	49516.5
49518.9	49518.9
49521.3	49521.3
49523.6	49523.6
49526	49526
49528.3	49528.3
49530.6	49530.7
49533	49533
49535.3	49535.3
49537.6	49537.6
49539.9	49539.9
49542.1	49542.1
49544.4	49544.4
49546.6	49546.6
49548.9	49548.9
49551.1	49551.1
49553.3	49553.3
49555.5	49555.5
49557.7	49557.7
49559.9	49559.9
49562.1	49562.1
49564.3	49564.3
49566.4	49566.4
49568.6	49568.6
49570.7	49570.7
49572.8	49572.8
49574.9	49574.9
49577	49577
49579.1	49579.1
49581.2	49581.2
49583.3	49583.3
49585.3	49585.3
49587.4	49587.4
49589.4	49589.4
49591.5	49591.5
49593.5	49593.5
49595.5	49595.5
49597.5	49597.5
49599.5	49599.5
49601.5	49601.5
49603.4	49603.4
49605.4	49605.4
49607.4	49607.4
49609.3	49609.3
49611.2	49611.2
49613.2	49613.2
49615.1	49615.1
49617	49617
49618.9	49618.9
49620.8	49620.8
49622.6	49622.6
49624.5	49624.5
49626.4	49626.4
49628.2	49628.2
49630.1	49630.1
49631.9	49631.9
49633.7	49633.7
49635.5	49635.5
49637.3	49637.3
49639.1	49639.1
49640.9	49640.9
49642.7	49642.7
49644.5	49644.5
49646.2	49646.2
49648	49648
49649.7	49649.7
49651.5	49651.5
49653.2	49653.2
49654.9	49654.9
49656.6	49656.6
49658.3	49658.3
49660	49660
49661.7	49661.7
49663.4	49663.4
49665	49665
49666.7	49666.7
49668.3	49668.3
49670	49670
49671.6	49671.6
49673.2	49673.2
49674.9	49674.9
49676.5	49676.5
49678.1	49678.1
49679.7	49679.7
49681.3	49681.3
49682.8	49682.8
49684.4	49684.4
49686	49686
49687.5	49687.5
49689.1	49689.1
49690.6	49690.6
49692.2	49692.2
49693.7	49693.7
49695.2	49695.2
49696.7	49696.7
49698.2	49698.2
49699.7	49699.7
49701.2	49701.2
49702.7	49702.7
49704.2	49704.2
49705.6	49705.6
49707.1	49707.1
49708.5	49708.5
49710	49710
49711.4	49711.4
49712.8	49712.8
49714.3	49714.3
49715.7	49715.7
49717.1	49717.1
49718.5	49718.5
49719.9	49719.9
49721.3	49721.3
49722.7	49722.7
49724	49724
49725.4	49725.4
49726.8	49726.8
49728.1	49728.1
49729.5	49729.5
49730.8	49730.8
49732.2	49732.2
49733.5	49733.5
49734.8	49734.8
49736.1	49736.1
49737.4	49737.4
49738.7	49738.7
49740	49740
49741.3	49741.3
49742.6	49742.6
49743.9	49743.9
49745.2	49745.2
49746.4	49746.4
49747.7	49747.7
49748.9	49748.9
49750.2	49750.2
49751.4	49751.4
49752.6	49752.6
49753.9	49753.9
49755.1	49755.1
49756.3	49756.3
49757.5	49757.5
49758.7	49758.7
49759.9	49759.9
49761.1	49761.1
49762.3	49762.3
49763.5	49763.5
49764.7	49764.7
49765.8	49765.8
49767	49767
49768.1	49768.1
49769.3	49769.3
49770.4	49770.4
49771.6	49771.6
49772.7	49772.7
49773.8	49773.8
49775	49775
49776.1	49776.1
49777.2	49777.2
49778.3	49778.3
49779.4	49779.4
49780.5	49780.5
49781.6	49781.6
49782.7	49782.7
49783.8	49783.7
49784.8	49784.8
49785.9	49785.9
49787	49787
49788	49788
49789.1	49789.1
49790.1	49790.1
49791.2	49791.2
49792.2	49792.2
49793.2	49793.2
49794.2	49794.3
49795.3	49795.3
49796.3	49796.3
49797.3	49797.3
49798.3	49798.3
49799.3	49799.3
49800.3	49800.3
49801.3	49801.3
49802.3	49802.3
49803.3	49803.3
49804.2	49804.2
49805.2	49805.2
49806.2	49806.2
49807.1	49807.1
49808.1	49808.1
49809.1	49809.1
49810	49810
49811	49811
49811.9	49811.9
49812.8	49812.8
49813.8	49813.8
49814.7	49814.7
49815.6	49815.6
49816.5	49816.5
49817.4	49817.4
49818.3	49818.3
49819.2	49819.2
49820.1	49820.1
49821	49821
49821.9	49821.9
49822.8	49822.8
49823.7	49823.7
49824.6	49824.6
49825.4	49825.4
49826.3	49826.3
49827.2	49827.2
49828	49828
49828.9	49828.9
49829.7	49829.7
49830.6	49830.6
49831.4	49831.4
49832.3	49832.3
49833.1	49833.1
49833.9	49833.9
49834.8	49834.7
49835.6	49835.6
49836.4	49836.4
49837.2	49837.2
49838	49838
49838.8	49838.8
49839.6	49839.6
49840.4	49840.4
49841.2	49841.2
49842	49842
49842.8	49842.8
49843.6	49843.6
49844.3	49844.3
49845.1	49845.1
49845.9	49845.9
49846.6	49846.7
49847.4	49847.4
49848.2	49848.2
49848.9	49848.9
49849.7	49849.7
49850.4	49850.4
49851.2	49851.2
49851.9	49851.9
49852.6	49852.6
49853.4	49853.4
49854.1	49854.1
49854.8	49854.8
49855.6	49855.6
49856.3	49856.3
49857	49857
49857.7	49857.7
49858.4	49858.4
49859.1	49859.1
49859.8	49859.8
49860.5	49860.5
49861.2	49861.2
49861.9	49861.9
49862.6	49862.6
49863.3	49863.3
49863.9	49863.9
49864.6	49864.6
49865.3	49865.3
49866	49866
49866.6	49866.6
49867.3	49867.3
49868	49868
49868.6	49868.6
49869.3	49869.3
49869.9	49869.9
49870.6	49870.6
49871.2	49871.2
49871.8	49871.8
49872.5	49872.5
49873.1	49873.1
49873.8	49873.8
49874.4	49874.4
49875	49875
49875.6	49875.6
49876.2	49876.2
49876.9	49876.9
49877.5	49877.5
49878.1	49878.1
49878.7	49878.7
49879.3	49879.3
49879.9	49879.9
49880.5	49880.5
49881.1	49881.1
49881.7	49881.7
49882.3	49882.3
49882.9	49882.9
49883.4	49883.4
49884	49884
49884.6	49884.6
49885.2	49885.2
49885.7	49885.7
49886.3	49886.3
49886.9	49886.9
49887.4	49887.4
49888	49888
49888.6	49888.6
49889.1	49889.1
49889.7	49889.7
49890.2	49890.2
49890.8	49890.8
49891.3	49891.3
49891.8	49891.8
49892.4	49892.4
49892.9	49892.9
49893.4	49893.4
49894	49894
49894.5	49894.5
49895	49895
49895.6	49895.6
49896.1	49896.1
49896.6	49896.6
49897.1	49897.1
49897.6	49897.6
49898.1	49898.1
49898.6	49898.6
49899.1	49899.1
49899.6	49899.6
49900.1	49900.1
49900.6	49900.6
49901.1	49901.1
49901.6	49901.6
49902.1	49902.1
49902.6	49902.6
49903.1	49903.1
49903.6	49903.6
49904	49904
49904.5	49904.5
49905	49905
49905.5	49905.5
49905.9	49905.9
49906.4	49906.4
49906.9	49906.9
49907.3	49907.3
49907.8	49907.8
49908.3	49908.3
49908.7	49908.7
49909.2	49909.2
49909.6	49909.6
49910.1	49910.1
49910.5	49910.5
49911	49911
49911.4	49911.4
49911.9	49911.9
49912.3	49912.3
49912.7	49912.7
49913.2	49913.2
49913.6	49913.6
49914	49914
49914.4	49914.5
49914.9	49914.9
49915.3	49915.3
49915.7	49915.7
49916.1	49916.1
49916.6	49916.6
49917	49917
49917.4	49917.4
49917.8	49917.8
49918.2	49918.2
49918.6	49918.6
49919	49919
49919.4	49919.4
49919.8	49919.8
49920.2	49920.2
49920.6	49920.6
49921	49921
49921.4	49921.4
49921.8	49921.8
49922.2	49922.2
49922.6	49922.6
49923	49923
49923.3	49923.3
49923.7	49923.7
49924.1	49924.1
49924.5	49924.5
49924.9	49924.9
49925.2	49925.2
49925.6	49925.6
49926	49926
49926.4	49926.3
49926.7	49926.7
49927.1	49927.1
49927.4	49927.4
49927.8	49927.8
49928.2	49928.2
49928.5	49928.5
49928.9	49928.9
49929.2	49929.2
49929.6	49929.6
49929.9	49929.9
49930.3	49930.3
49930.6	49930.6
49931	49931
49931.3	49931.3
49931.7	49931.7
49932	49932
49932.3	49932.3
49932.7	49932.7
49933	49933
49933.4	49933.4
49933.7	49933.7
49934	49934
49934.3	49934.3
49934.7	49934.7
49935	49935
49935.3	49935.3
49935.6	49935.6
49936	49936
49936.3	49936.3
49936.6	49936.6
49936.9	49936.9
49937.2	49937.2
49937.5	49937.5
49937.9	49937.9
49938.2	49938.2
49938.5	49938.5
49938.8	49938.8
49939.1	49939.1
49939.4	49939.4
49939.7	49939.7
49940	49940
49940.3	49940.3
49940.6	49940.6
49940.9	49940.9
49941.2	49941.2
49941.5	49941.5
49941.8	49941.8
49942	49942
49942.3	49942.3
49942.6	49942.6
49942.9	49942.9
49943.2	49943.2
49943.5	49943.5
49943.8	49943.8
49944	49944
49944.3	49944.3
49944.6	49944.6
49944.9	49944.9
49945.1	49945.1
49945.4	49945.4
49945.7	49945.7
49946	49946
49946.2	49946.2
49946.5	49946.5
49946.8	49946.8
49947	49947
49947.3	49947.3
49947.6	49947.6
49947.8	49947.8
49948.1	49948.1
49948.3	49948.3
49948.6	49948.6
49948.8	49948.8
49949.1	49949.1
49949.4	49949.4
49949.6	49949.6
49949.9	49949.9
49950.1	49950.1
49950.4	49950.4
49950.6	49950.6
49950.9	49950.9
49951.1	49951.1
49951.3	49951.3
49951.6	49951.6
49951.8	49951.8
49952.1	49952.1
49952.3	49952.3
49952.5	49952.5
49952.8	49952.8
49953	49953
49953.2	49953.2
49953.5	49953.5
49953.7	49953.7
49953.9	49953.9
49954.2	49954.2
49954.4	49954.4
49954.6	49954.6
49954.9	49954.9
49955.1	49955.1
49955.3	49955.3
