0.662706	0.666667
0.662503	0.666482
0.662299	0.666296
0.662095	0.666112
0.661891	0.665927
0.661688	0.665742
0.661484	0.665557
0.66128	0.665373
0.661077	0.665188
0.660873	0.665004
0.660669	0.66482
0.660466	0.664636
0.660262	0.664452
0.660058	0.664268
0.659855	0.664084
0.659651	0.6639
0.659448	0.663717
0.659244	0.663533
0.659041	0.66335
0.658837	0.663167
0.658633	0.662983
0.65843	0.6628
0.658226	0.662617
0.658023	0.662434
0.657819	0.662252
0.657616	0.662069
0.657412	0.661886
0.657209	0.661704
0.657005	0.661522
0.656802	0.661339
0.656598	0.661157
0.656395	0.660975
0.656191	0.660793
0.655988	0.660611
0.655784	0.660429
0.655581	0.660248
0.655377	0.660066
0.655174	0.659885
0.65497	0.659703
0.654766	0.659522
0.654563	0.659341
0.654359	0.65916
0.654156	0.658979
0.653952	0.658798
0.653749	0.658617
0.653545	0.658436
0.653342	0.658256
0.653138	0.658075
0.652934	0.657895
0.652731	0.657714
0.652527	0.657534
0.652324	0.657354
0.65212	0.657174
0.651916	0.656994
0.651713	0.656814
0.651509	0.656635
0.651305	0.656455
0.651102	0.656276
0.650898	0.656096
0.650694	0.655917
0.65049	0.655738
0.650287	0.655559
0.650083	0.65538
0.649879	0.655201
0.649675	0.655022
0.649471	0.654843
0.649267	0.654664
0.649064	0.654486
0.64886	0.654308
0.648656	0.654129
0.648452	0.653951
0.648248	0.653773
0.648044	0.653595
0.64784	0.653417
0.647636	0.653239
0.647432	0.653061
0.647228	0.652884
0.647024	0.652706
0.646819	0.652529
0.646615	0.652351
0.646411	0.652174
0.646207	0.651997
0.646003	0.65182
0.645798	0.651643
0.645594	0.651466
0.64539	0.651289
0.645185	0.651112
0.644981	0.650936
0.644776	0.650759
0.644572	0.650583
0.644367	0.650406
0.644163	0.65023
0.643958	0.650054
0.643754	0.649878
0.643549	0.649702
0.643344	0.649526
0.643139	0.649351
0.642935	0.649175
0.64273	0.648999
0.642525	0.648824
0.64232	0.648649
0.642115	0.648473
0.64191	0.648298
0.641705	0.648123
0.6415	0.647948
0.641295	0.647773
0.64109	0.647598
0.640884	0.647424
0.640679	0.647249
0.640474	0.647075
0.640268	0.6469
0.640063	0.646726
0.639858	0.646552
0.639652	0.646378
0.639446	0.646204
0.639241	0.64603
0.639035	0.645856
0.638829	0.645682
0.638624	0.645508
0.638418	0.645335
0.638212	0.645161
0.638006	0.644988
0.6378	0.644815
0.637594	0.644641
0.637388	0.644468
0.637181	0.644295
0.636975	0.644122
0.636769	0.64395
0.636562	0.643777
0.636356	0.643604
0.636149	0.643432
0.635943	0.643259
0.635736	0.643087
0.635529	0.642915
0.635323	0.642742
0.635116	0.64257
0.634909	0.642398
0.634702	0.642226
0.634495	0.642055
0.634288	0.641883
0.634081	0.641711
0.633873	0.64154
0.633666	0.641368
0.633458	0.641197
0.633251	0.641026
0.633043	0.640854
0.632836	0.640683
0.632628	0.640512
0.63242	0.640342
0.632212	0.640171
0.632004	0.64
0.631796	0.639829
0.631588	0.639659
0.63138	0.639488
0.631172	0.639318
0.630963	0.639148
0.630755	0.638978
0.630546	0.638808
0.630338	0.638638
0.630129	0.638468
0.62992	0.638298
0.629711	0.638128
0.629502	0.637959
0.629293	0.637789
0.629084	0.63762
0.628874	0.63745
0.628665	0.637281
0.628456	0.637112
0.628246	0.636943
0.628036	0.636774
0.627827	0.636605
0.627617	0.636436
0.627407	0.636267
0.627197	0.636099
0.626987	0.63593
0.626776	0.635762
0.626566	0.635593
0.626355	0.635425
0.626145	0.635257
0.625934	0.635089
0.625723	0.634921
0.625512	0.634753
0.625301	0.634585
0.62509	0.634417
0.624879	0.634249
0.624668	0.634082
0.624456	0.633914
0.624245	0.633747
0.624033	0.63358
0.623821	0.633413
0.623609	0.633245
0.623397	0.633078
0.623185	0.632911
0.622973	0.632745
0.62276	0.632578
0.622548	0.632411
0.622335	0.632244
0.622122	0.632078
0.621909	0.631912
0.621696	0.631745
0.621483	0.631579
0.621139	0.63128
0.620795	0.630981
0.620451	0.630683
0.620108	0.630385
0.619764	0.630087
0.61942	0.629789
0.619077	0.629492
0.618733	0.629195
0.61839	0.628898
0.618047	0.628601
0.617703	0.628305
0.61736	0.628009
0.617017	0.627714
0.616674	0.627418
0.616331	0.627123
0.615988	0.626828
0.615646	0.626534
0.615303	0.626239
0.61496	0.625945
0.614617	0.625652
0.614275	0.625358
0.613932	0.625065
0.61359	0.624772
0.613248	0.62448
0.612905	0.624187
0.612563	0.623895
0.612221	0.623603
0.611879	0.623312
0.611536	0.623021
0.611194	0.62273
0.610852	0.622439
0.61051	0.622148
0.610168	0.621858
0.609826	0.621568
0.609485	0.621279
0.609143	0.620989
0.608801	0.6207
0.608459	0.620412
0.608117	0.620123
0.607776	0.619835
0.607434	0.619547
0.607092	0.619259
0.606751	0.618971
0.606409	0.618684
0.606068	0.618397
0.605726	0.618111
0.605385	0.617824
0.605043	0.617538
0.604702	0.617252
0.604361	0.616967
0.604019	0.616681
0.603678	0.616396
0.603337	0.616111
0.602995	0.615827
0.602654	0.615542
0.602313	0.615258
0.601971	0.614975
0.60163	0.614691
0.601289	0.614408
0.600947	0.614125
0.600606	0.613842
0.600265	0.61356
0.599924	0.613277
0.599582	0.612995
0.599241	0.612714
0.5989	0.612432
0.598559	0.612151
0.598217	0.61187
0.597876	0.61159
0.597535	0.611309
0.597194	0.611029
0.596852	0.610749
0.596511	0.61047
0.59617	0.61019
0.595828	0.609911
0.595487	0.609632
0.595146	0.609354
0.594804	0.609075
0.594463	0.608797
0.594121	0.608519
0.59378	0.608242
0.593438	0.607964
0.593097	0.607687
0.592755	0.60741
0.592414	0.607134
0.592072	0.606857
0.591731	0.606581
0.591389	0.606306
0.591047	0.60603
0.590706	0.605755
0.590364	0.60548
0.590022	0.605205
0.58968	0.60493
0.589338	0.604656
0.588996	0.604382
0.588654	0.604108
0.588312	0.603834
0.58797	0.603561
0.587628	0.603288
0.587286	0.603015
0.586944	0.602742
0.586601	0.60247
0.586259	0.602198
0.585917	0.601926
0.585574	0.601655
0.585232	0.601383
0.584889	0.601112
0.584547	0.600841
0.584204	0.600571
0.583861	0.6003
0.583518	0.60003
0.583175	0.59976
0.582832	0.59949
0.582489	0.599221
0.582146	0.598952
0.581803	0.598683
0.58146	0.598414
0.581116	0.598146
0.580773	0.597878
0.580429	0.59761
0.580086	0.597342
0.579742	0.597074
0.579398	0.596807
0.579054	0.59654
0.57871	0.596273
0.578366	0.596007
0.578022	0.59574
0.577678	0.595474
0.577333	0.595209
0.576989	0.594943
0.576644	0.594678
0.5763	0.594413
0.575955	0.594148
0.57561	0.593883
0.575265	0.593619
0.57492	0.593354
0.574575	0.593091
0.574229	0.592827
0.573884	0.592563
0.573538	0.5923
0.573193	0.592037
0.572847	0.591774
0.572501	0.591512
0.572155	0.59125
0.571809	0.590987
0.571462	0.590726
0.571116	0.590464
0.570769	0.590203
0.570423	0.589941
0.570076	0.589681
0.569729	0.58942
0.569382	0.589159
0.569035	0.588899
0.568687	0.588639
0.56834	0.58838
0.567992	0.58812
0.567644	0.587861
0.567296	0.587602
0.566948	0.587343
0.5666	0.587084
0.566252	0.586826
0.565903	0.586568
0.565554	0.58631
0.565205	0.586052
0.564856	0.585794
0.564507	0.585537
0.564158	0.58528
0.563808	0.585023
0.563459	0.584767
0.563109	0.58451
0.562759	0.584254
0.562409	0.583998
0.562058	0.583743
0.561708	0.583487
0.561357	0.583232
0.561006	0.582977
0.560655	0.582722
0.560304	0.582468
0.559952	0.582213
0.5596	0.581959
0.559249	0.581705
0.558897	0.581452
0.558544	0.581198
0.558192	0.580945
0.557839	0.580692
0.557486	0.580439
0.557133	0.580187
0.55678	0.579934
0.556427	0.579682
0.556073	0.57943
0.555719	0.579179
0.555365	0.578927
0.555011	0.578676
0.554657	0.578425
0.554302	0.578174
0.553947	0.577923
0.553592	0.577673
0.553236	0.577423
0.552881	0.577173
0.552525	0.576923
0.55193	0.576424
0.551336	0.575926
0.550742	0.575429
0.550149	0.574933
0.549556	0.574438
0.548964	0.573943
0.548372	0.573449
0.547781	0.572956
0.54719	0.572464
0.5466	0.571973
0.54601	0.571483
0.54542	0.570994
0.544831	0.570505
0.544242	0.570017
0.543654	0.56953
0.543067	0.569044
0.542479	0.568559
0.541892	0.568074
0.541306	0.567591
0.54072	0.567108
0.540134	0.566626
0.539549	0.566145
0.538965	0.565664
0.53838	0.565185
0.537796	0.564706
0.537213	0.564228
0.53663	0.563751
0.536047	0.563275
0.535465	0.562799
0.534883	0.562324
0.534302	0.56185
0.53372	0.561377
0.53314	0.560905
0.532559	0.560433
0.531979	0.559963
0.5314	0.559493
0.530821	0.559024
0.530242	0.558555
0.529663	0.558088
0.529085	0.557621
0.528508	0.557155
0.52793	0.55669
0.527353	0.556225
0.526776	0.555761
0.5262	0.555298
0.525624	0.554836
0.525048	0.554375
0.524473	0.553914
0.523898	0.553454
0.523324	0.552995
0.522749	0.552537
0.522175	0.55208
0.521601	0.551623
0.521028	0.551167
0.520455	0.550711
0.519882	0.550257
0.51931	0.549803
0.518738	0.54935
0.518166	0.548898
0.517594	0.548446
0.517023	0.547995
0.516452	0.547545
0.515882	0.547096
0.515311	0.546647
0.514741	0.546199
0.514171	0.545752
0.513602	0.545306
0.513032	0.54486
0.512463	0.544415
0.511895	0.543971
0.511326	0.543527
0.510758	0.543085
0.51019	0.542643
0.509622	0.542201
0.509055	0.541761
0.508488	0.541321
0.507921	0.540882
0.507354	0.540443
0.506787	0.540005
0.506221	0.539568
0.505655	0.539132
0.505089	0.538696
0.504524	0.538261
0.503958	0.537827
0.503393	0.537394
0.502828	0.536961
0.502264	0.536529
0.501699	0.536097
0.501135	0.535666
0.500571	0.535236
0.500007	0.534807
0.499443	0.534378
0.49888	0.53395
0.498316	0.533523
0.497753	0.533096
0.49719	0.53267
0.496628	0.532245
0.496065	0.531821
0.495503	0.531397
0.49494	0.530973
0.494378	0.530551
0.493816	0.530129
0.493255	0.529708
0.492693	0.529287
0.492132	0.528867
0.49157	0.528448
0.491009	0.52803
0.490448	0.527612
0.489888	0.527194
0.489327	0.526778
0.488766	0.526362
0.488206	0.525947
0.487646	0.525532
0.487086	0.525118
0.486526	0.524705
0.485966	0.524292
0.485406	0.52388
0.484846	0.523469
0.484287	0.523058
0.483728	0.522648
0.483168	0.522239
0.482609	0.52183
0.48205	0.521422
0.481491	0.521014
0.480932	0.520607
0.480373	0.520201
0.479815	0.519796
0.479256	0.519391
0.478698	0.518986
0.478139	0.518583
0.477581	0.518179
0.477023	0.517777
0.476464	0.517375
0.475906	0.516974
0.475348	0.516573
0.47479	0.516173
0.474232	0.515774
0.473675	0.515375
0.473117	0.514977
0.472559	0.51458
0.472001	0.514183
0.471444	0.513787
0.470886	0.513391
0.470329	0.512996
0.469771	0.512601
0.469214	0.512208
0.468656	0.511814
0.468099	0.511422
0.467542	0.51103
0.466984	0.510638
0.466427	0.510247
0.46587	0.509857
0.465312	0.509468
0.464755	0.509079
0.464198	0.50869
0.463641	0.508302
0.463084	0.507915
0.462527	0.507528
0.461969	0.507142
0.461412	0.506757
0.460855	0.506372
0.460298	0.505988
0.459741	0.505604
0.459183	0.505221
0.458626	0.504838
0.458069	0.504456
0.457512	0.504075
0.456955	0.503694
0.456397	0.503313
0.45584	0.502934
0.455283	0.502555
0.454725	0.502176
0.454168	0.501798
0.45361	0.501421
0.453053	0.501044
0.452496	0.500668
0.451938	0.500292
0.45138	0.499917
0.450823	0.499542
0.450265	0.499168
0.449707	0.498795
0.44915	0.498422
0.448592	0.498049
0.448034	0.497677
0.447476	0.497306
0.446918	0.496936
0.44636	0.496565
0.445802	0.496196
0.445244	0.495827
0.444685	0.495458
0.444127	0.49509
0.443568	0.494723
0.44301	0.494356
0.442451	0.49399
0.441893	0.493624
0.441334	0.493259
0.440775	0.492894
0.440216	0.49253
0.439657	0.492166
0.439098	0.491803
0.43879	0.491723
0.438482	0.491642
0.438172	0.491562
0.437862	0.491481
0.437551	0.4914
0.437239	0.49132
0.436926	0.49124
0.436613	0.491159
0.436299	0.491079
0.435983	0.490998
0.435667	0.490918
0.435351	0.490838
0.435033	0.490757
0.434714	0.490677
0.434395	0.490597
0.434075	0.490517
0.433753	0.490436
0.433431	0.490356
0.433109	0.490276
0.432785	0.490196
0.43246	0.490116
0.432135	0.490036
0.431808	0.489956
0.431481	0.489876
0.431153	0.489796
0.430824	0.489716
0.430494	0.489636
0.430164	0.489556
0.429832	0.489476
0.4295	0.489396
0.429166	0.489317
0.428832	0.489237
0.428497	0.489157
0.428161	0.489077
0.427824	0.488998
0.427486	0.488918
0.427148	0.488838
0.426808	0.488759
0.426468	0.488679
0.426126	0.488599
0.425784	0.48852
0.425441	0.48844
0.425097	0.488361
0.424752	0.488281
0.424406	0.488202
0.424059	0.488122
0.423711	0.488043
0.423363	0.487964
0.423013	0.487884
0.422663	0.487805
0.422311	0.487726
0.421959	0.487646
0.421606	0.487567
0.421251	0.487488
0.420896	0.487409
0.42054	0.487329
0.420183	0.48725
0.419825	0.487171
0.419467	0.487092
0.419107	0.487013
0.418746	0.486934
0.418385	0.486855
0.418022	0.486776
0.417658	0.486697
0.417294	0.486618
0.416929	0.486539
0.416562	0.48646
0.416195	0.486381
0.415827	0.486302
0.415458	0.486224
0.415087	0.486145
0.414716	0.486066
0.414344	0.485987
0.413971	0.485909
0.413597	0.48583
0.413222	0.485751
0.412846	0.485673
0.41247	0.485594
0.412092	0.485515
0.411713	0.485437
0.411333	0.485358
0.410953	0.48528
0.410571	0.485201
0.410188	0.485123
0.409805	0.485044
0.40942	0.484966
0.409034	0.484888
0.408648	0.484809
0.40826	0.484731
0.407872	0.484653
0.407483	0.484574
0.407092	0.484496
0.406701	0.484418
0.406308	0.48434
0.405915	0.484261
0.40552	0.484183
0.405125	0.484105
0.404729	0.484027
0.404331	0.483949
0.403933	0.483871
0.403534	0.483793
0.403134	0.483715
0.402732	0.483637
0.40233	0.483559
0.401927	0.483481
0.401522	0.483403
0.401117	0.483325
0.400711	0.483247
0.400304	0.48317
0.399895	0.483092
0.399486	0.483014
0.399076	0.482936
0.398665	0.482858
0.398253	0.482781
0.397839	0.482703
0.397425	0.482625
0.39701	0.482548
0.396594	0.48247
0.396176	0.482393
0.395758	0.482315
0.395339	0.482238
0.394919	0.48216
0.394497	0.482083
0.394075	0.482005
0.393652	0.481928
0.393228	0.48185
0.392802	0.481773
0.392376	0.481696
0.391949	0.481618
0.39152	0.481541
0.391091	0.481464
0.390661	0.481386
0.390229	0.481309
0.389797	0.481232
0.389364	0.481155
0.388929	0.481078
0.388494	0.481
0.388058	0.480923
0.38762	0.480846
0.387182	0.480769
0.386743	0.480692
0.386302	0.480615
0.385861	0.480538
0.385418	0.480461
0.384975	0.480384
0.38453	0.480307
0.384085	0.480231
0.383638	0.480154
0.383191	0.480077
0.382742	0.48
0.382293	0.479923
0.381842	0.479846
0.381391	0.47977
0.380938	0.479693
0.380485	0.479616
0.38003	0.47954
0.379575	0.479463
0.379118	0.479386
0.378661	0.47931
0.378202	0.479233
0.377743	0.479157
0.377282	0.47908
0.37682	0.479004
0.376358	0.478927
0.375894	0.478851
0.37543	0.478774
0.374964	0.478698
0.374497	0.478622
0.37403	0.478545
0.373561	0.478469
0.373092	0.478393
0.372621	0.478316
0.372149	0.47824
0.371677	0.478164
0.371203	0.478088
0.370728	0.478011
0.370253	0.477935
0.369776	0.477859
0.369299	0.477783
0.36882	0.477707
0.368341	0.477631
0.36786	0.477555
0.367379	0.477479
0.366896	0.477403
0.366412	0.477327
0.365928	0.477251
0.365442	0.477175
0.364956	0.477099
0.364469	0.477023
0.36398	0.476948
0.363491	0.476872
0.363	0.476796
0.362509	0.47672
0.362017	0.476644
0.361523	0.476569
0.361029	0.476493
0.360534	0.476417
0.360038	0.476342
0.35954	0.476266
0.359042	0.47619
0.35897	0.476682
0.358897	0.477175
0.358823	0.477669
0.358747	0.478164
0.35867	0.47866
0.358592	0.479157
0.358513	0.479655
0.358432	0.480154
0.35835	0.480654
0.358266	0.481155
0.358182	0.481657
0.358096	0.48216
0.358008	0.482664
0.35792	0.48317
0.35783	0.483676
0.357739	0.484183
0.357646	0.484692
0.357553	0.485201
0.357457	0.485712
0.357361	0.486224
0.357263	0.486736
0.357164	0.48725
0.357064	0.487765
0.356962	0.488281
0.356859	0.488798
0.356755	0.489317
0.356649	0.489836
0.356542	0.490356
0.356434	0.490878
0.356324	0.4914
0.356213	0.491924
0.356101	0.492449
0.355987	0.492975
0.355872	0.493502
0.355756	0.49403
0.355638	0.49456
0.355519	0.49509
0.355398	0.495622
0.355276	0.496155
0.355153	0.496689
0.355029	0.497224
0.354903	0.49776
0.354776	0.498297
0.354647	0.498836
0.354517	0.499376
0.354386	0.499917
0.354253	0.500459
0.354119	0.501002
0.353984	0.501546
0.353847	0.502092
0.353709	0.502639
0.35357	0.503187
0.353429	0.503736
0.353287	0.504286
0.353143	0.504838
0.352998	0.505391
0.352852	0.505945
0.352704	0.5065
0.352555	0.507057
0.352404	0.507614
0.352252	0.508173
0.352099	0.508733
0.351945	0.509295
0.351788	0.509857
0.351631	0.510421
0.351472	0.510986
0.351312	0.511553
0.351151	0.51212
0.350988	0.512689
0.350823	0.513259
0.350658	0.513831
0.350491	0.514403
0.350322	0.514977
0.350152	0.515553
0.349981	0.516129
0.349808	0.516707
0.349634	0.517286
0.349459	0.517866
0.349282	0.518448
0.349104	0.519031
0.348924	0.519615
0.348743	0.520201
0.348561	0.520788
0.348377	0.521376
0.348192	0.521966
0.348006	0.522557
0.347818	0.523149
0.347629	0.523743
0.347438	0.524338
0.347246	0.524934
0.347052	0.525532
0.346857	0.526131
0.346661	0.526732
0.346464	0.527333
0.346265	0.527937
0.346064	0.528541
0.345862	0.529147
0.345659	0.529755
0.345455	0.530363
0.345249	0.530973
0.345041	0.531585
0.344833	0.532198
0.344623	0.532812
0.344411	0.533428
0.344198	0.534045
0.343984	0.534664
0.343769	0.535284
0.343552	0.535906
0.343333	0.536529
0.343114	0.537153
0.342893	0.537779
0.34267	0.538406
0.342446	0.539035
0.342221	0.539665
0.341994	0.540297
0.341767	0.54093
0.341537	0.541565
0.341307	0.542201
0.341075	0.542839
0.340841	0.543478
0.340606	0.544119
0.34037	0.544761
0.340133	0.545405
0.339894	0.54605
0.339654	0.546697
0.339412	0.547345
0.33917	0.547995
0.338925	0.548647
0.33868	0.5493
0.338433	0.549954
0.338185	0.55061
0.337935	0.551268
0.337684	0.551927
0.337432	0.552588
0.337178	0.55325
0.336923	0.553914
0.336667	0.55458
0.33641	0.555247
0.336151	0.555916
0.335891	0.556586
0.335629	0.557258
0.335366	0.557932
0.335102	0.558607
0.334836	0.559284
0.33457	0.559963
0.334302	0.560643
0.334032	0.561325
0.333762	0.562008
0.33349	0.562693
0.333216	0.56338
0.332942	0.564069
0.332666	0.564759
0.332389	0.565451
0.33211	0.566145
0.331831	0.56684
0.33155	0.567537
0.331267	0.568236
0.330984	0.568936
0.330699	0.569638
0.330413	0.570342
0.330126	0.571048
0.329837	0.571755
0.329547	0.572464
0.329256	0.573175
0.328964	0.573888
0.32867	0.574603
0.328376	0.575319
0.32808	0.576037
0.327782	0.576757
0.327484	0.577478
0.327184	0.578202
0.326883	0.578927
0.326581	0.579654
0.326278	0.580383
0.325973	0.581114
0.325667	0.581846
0.32536	0.582581
0.325052	0.583317
0.324743	0.584055
0.324432	0.584795
0.324121	0.585537
0.323808	0.586281
0.323494	0.587027
0.323178	0.587774
0.322862	0.588524
0.322544	0.589275
0.322226	0.590029
0.321906	0.590784
0.321585	0.591541
0.321262	0.5923
0.320939	0.593061
0.320615	0.593824
0.320289	0.594589
0.319962	0.595356
0.319634	0.596125
0.319305	0.596896
0.318975	0.597669
0.318644	0.598444
0.318312	0.599221
0.317978	0.6
0.317469	0.60045
0.316959	0.600901
0.316448	0.601353
0.315935	0.601805
0.315422	0.602258
0.314908	0.602712
0.314393	0.603167
0.313877	0.603622
0.31336	0.604078
0.312842	0.604534
0.312323	0.604991
0.311804	0.605449
0.311283	0.605908
0.310761	0.606367
0.310239	0.606827
0.309716	0.607287
0.309192	0.607749
0.308667	0.608211
0.308141	0.608674
0.307614	0.609137
0.307087	0.609601
0.306558	0.610066
0.306029	0.610532
0.305499	0.610998
0.304968	0.611465
0.304437	0.611933
0.303904	0.612401
0.303371	0.61287
0.302837	0.61334
0.302302	0.613811
0.301767	0.614282
0.30123	0.614754
0.300693	0.615227
0.300156	0.6157
0.299617	0.616175
0.299078	0.61665
0.298538	0.617125
0.297997	0.617602
0.297456	0.618079
0.296914	0.618557
0.296371	0.619035
0.295828	0.619515
0.295284	0.619995
0.294739	0.620476
0.294193	0.620957
0.293647	0.62144
0.293101	0.621923
0.292553	0.622407
0.292006	0.622891
0.291457	0.623377
0.290908	0.623863
0.290358	0.62435
0.289808	0.624837
0.289257	0.625326
0.288706	0.625815
0.288153	0.626305
0.287601	0.626796
0.287048	0.627287
0.286494	0.627779
0.28594	0.628272
0.285385	0.628766
0.28483	0.629261
0.284274	0.629756
0.283718	0.630252
0.283161	0.630749
0.282604	0.631247
0.282046	0.631745
0.281488	0.632244
0.28093	0.632745
0.280371	0.633245
0.279811	0.633747
0.279251	0.634249
0.278691	0.634753
0.27813	0.635257
0.277569	0.635762
0.277008	0.636267
0.276446	0.636774
0.275883	0.637281
0.275321	0.637789
0.274758	0.638298
0.274194	0.638808
0.273631	0.639318
0.273067	0.639829
0.272502	0.640342
0.271937	0.640854
0.271372	0.641368
0.270807	0.641883
0.270241	0.642398
0.269675	0.642915
0.269109	0.643432
0.268543	0.64395
0.267976	0.644468
0.267409	0.644988
0.266842	0.645508
0.266274	0.64603
0.265707	0.646552
0.265139	0.647075
0.264571	0.647598
0.264002	0.648123
0.263434	0.648649
0.262865	0.649175
0.262296	0.649702
0.261727	0.65023
0.261158	0.650759
0.260588	0.651289
0.260019	0.65182
0.259449	0.652351
0.258879	0.652884
0.258309	0.653417
0.257739	0.653951
0.257169	0.654486
0.256599	0.655022
0.256029	0.655559
0.255458	0.656096
0.254888	0.656635
0.254317	0.657174
0.253746	0.657714
0.253176	0.658256
0.252605	0.658798
0.252034	0.659341
0.251464	0.659885
0.250893	0.660429
0.250322	0.660975
0.249751	0.661522
0.249181	0.662069
0.24861	0.662617
0.248039	0.663167
0.247468	0.663717
0.246898	0.664268
0.246327	0.66482
0.245756	0.665373
0.245186	0.665927
0.244616	0.666482
0.244045	0.667037
0.243475	0.667594
0.242905	0.668151
0.242335	0.66871
0.241765	0.669269
0.241195	0.66983
0.240625	0.670391
0.240056	0.670953
0.239486	0.671517
0.238917	0.672081
0.238348	0.672646
0.237779	0.673212
0.23721	0.673779
0.236641	0.674347
0.236073	0.674916
0.235505	0.675486
0.234937	0.676056
0.234369	0.676628
0.233801	0.677201
0.233234	0.677775
0.232667	0.678349
0.2321	0.678925
0.231533	0.679502
0.230967	0.680079
0.230401	0.680658
0.229835	0.681238
0.229269	0.681818
0.228704	0.6824
0.228139	0.682982
0.227574	0.683566
0.22701	0.68415
0.226445	0.684736
0.225882	0.685323
0.225318	0.68591
0.224755	0.686499
0.224192	0.687088
0.22363	0.687679
0.223067	0.688271
0.222506	0.688863
0.221944	0.689457
0.221383	0.690052
0.220823	0.690648
0.220262	0.691244
0.219703	0.691842
0.219143	0.692441
0.218584	0.693041
0.218025	0.693642
0.217467	0.694244
0.216909	0.694847
0.216352	0.695451
0.215795	0.696056
0.215239	0.696662
0.214683	0.697269
0.214127	0.697877
0.213572	0.698487
0.213017	0.699097
0.212463	0.699708
0.211909	0.700321
0.211356	0.700935
0.210803	0.701549
0.210251	0.702165
0.2097	0.702782
0.209148	0.7034
0.208598	0.704019
0.208048	0.704639
0.207498	0.70526
0.206949	0.705882
0.2064	0.706506
0.205853	0.70713
0.205305	0.707756
0.204758	0.708383
0.204212	0.70901
0.203666	0.709639
0.203121	0.710269
0.202577	0.7109
0.202033	0.711533
0.201489	0.712166
0.200947	0.712801
0.200405	0.713436
0.199863	0.714073
0.199322	0.714711
0.198782	0.71535
0.198242	0.71599
0.197703	0.716632
0.197165	0.717274
0.196627	0.717918
0.19609	0.718563
0.195553	0.719209
0.195018	0.719856
0.194483	0.720504
0.193948	0.721154
0.193414	0.721805
0.192881	0.722456
0.192349	0.723109
0.191817	0.723764
0.191286	0.724419
0.190756	0.725075
0.190226	0.725733
0.189697	0.726392
0.189169	0.727052
0.188642	0.727714
0.188115	0.728376
0.187589	0.72904
0.187064	0.729705
0.186539	0.730371
0.186015	0.731039
0.185492	0.731707
0.18497	0.732377
0.184448	0.733048
0.183928	0.733721
0.183408	0.734394
0.182888	0.735069
0.18237	0.735745
0.181852	0.736422
0.181335	0.737101
0.180819	0.737781
0.180304	0.738462
0.179789	0.739144
0.179275	0.739827
0.178762	0.740512
0.17825	0.741198
0.177739	0.741886
0.177228	0.742574
0.176718	0.743264
0.17621	0.743955
0.175701	0.744648
0.175194	0.745342
0.174688	0.746037
0.174182	0.746733
0.173677	0.747431
0.173173	0.74813
0.17267	0.74883
0.172168	0.749532
0.171667	0.750234
0.171166	0.750939
0.170667	0.751644
0.170168	0.752351
0.16967	0.753059
0.169173	0.753769
0.168677	0.75448
0.168181	0.755192
0.167687	0.755906
0.167193	0.75662
0.166701	0.757337
0.166209	0.758054
0.165718	0.758773
0.165228	0.759494
0.164739	0.760215
0.164251	0.760938
0.163763	0.761663
0.163277	0.762389
0.162792	0.763116
0.162307	0.763845
0.161823	0.764575
0.161341	0.765306
0.160859	0.766039
0.160378	0.766773
0.159898	0.767509
0.159419	0.768246
0.158941	0.768984
0.158463	0.769724
0.157987	0.770465
0.157512	0.771208
0.157037	0.771952
0.156564	0.772698
0.156091	0.773445
0.15562	0.774194
0.155149	0.774943
0.15468	0.775695
0.154211	0.776448
0.153743	0.777202
0.153276	0.777958
0.15281	0.778715
0.152346	0.779474
0.151882	0.780234
0.151419	0.780996
0.150957	0.781759
0.150496	0.782524
0.150036	0.78329
0.149576	0.784058
0.149118	0.784827
0.148661	0.785597
0.148205	0.78637
0.14775	0.787143
0.147296	0.787919
0.146842	0.788695
0.14639	0.789474
0.145939	0.790254
0.145489	0.791035
0.145039	0.791818
0.144591	0.792602
0.144144	0.793388
0.143697	0.794176
0.143252	0.794965
0.142808	0.795756
0.142364	0.796548
0.141922	0.797342
0.141481	0.798138
0.14104	0.798935
0.140601	0.799733
0.140162	0.800534
0.139725	0.801336
0.139289	0.802139
0.138853	0.802944
0.138419	0.803751
0.137986	0.804559
0.137553	0.805369
0.137122	0.806181
0.136692	0.806994
0.136262	0.807809
0.135834	0.808625
0.135407	0.809444
0.134981	0.810263
0.134555	0.811085
0.134131	0.811908
0.133708	0.812733
0.133286	0.813559
0.132865	0.814387
0.132444	0.815217
0.132025	0.816049
0.131607	0.816882
0.13119	0.817717
0.130774	0.818554
0.130359	0.819392
0.129945	0.820232
0.129532	0.821074
0.12912	0.821918
0.128709	0.822763
0.128299	0.82361
0.12789	0.824459
0.127482	0.825309
0.127075	0.826162
0.126669	0.827016
0.126264	0.827872
0.12586	0.828729
0.125457	0.829589
0.125055	0.83045
0.124655	0.831313
0.124255	0.832177
0.123856	0.833044
0.123458	0.833912
0.123062	0.834783
0.122666	0.835655
0.122271	0.836528
0.121878	0.837404
0.121485	0.838282
0.121094	0.839161
0.120703	0.840042
0.120313	0.840925
0.119925	0.84181
0.119537	0.842697
0.119151	0.843585
0.118765	0.844476
0.118381	0.845368
0.117998	0.846262
0.117615	0.847158
0.117234	0.848057
0.116854	0.848957
0.116474	0.849858
0.116096	0.850762
0.115719	0.851668
0.115342	0.852576
0.114967	0.853485
0.114593	0.854397
0.11422	0.85531
0.113847	0.856225
0.113476	0.857143
0.113066	0.857756
0.112656	0.858369
0.112248	0.858984
0.111841	0.859599
0.111435	0.860215
0.111031	0.860832
0.110628	0.86145
0.110225	0.862069
0.109825	0.862689
0.109425	0.863309
0.109027	0.863931
0.108629	0.864553
0.108233	0.865177
0.107838	0.865801
0.107445	0.866426
0.107052	0.867052
0.106661	0.867679
0.106271	0.868307
0.105882	0.868936
0.105495	0.869565
0.105108	0.870196
0.104723	0.870827
0.104339	0.87146
0.103956	0.872093
0.103574	0.872727
0.103194	0.873362
0.102815	0.873999
0.102436	0.874636
0.102059	0.875273
0.101684	0.875912
0.101309	0.876552
0.100936	0.877193
0.100563	0.877835
0.100192	0.878477
0.0998225	0.879121
0.0994538	0.879765
0.0990862	0.880411
0.0987199	0.881057
0.0983546	0.881705
0.0979906	0.882353
0.0976276	0.883002
0.0972659	0.883652
0.0969053	0.884304
0.0965459	0.884956
0.0961876	0.885609
0.0958304	0.886263
0.0954744	0.886918
0.0951196	0.887574
0.0947659	0.888231
0.0944133	0.888889
0.0940619	0.889548
0.0937116	0.890208
0.0933625	0.890869
0.0930145	0.89153
0.0926676	0.892193
0.0923218	0.892857
0.0919772	0.893522
0.0916337	0.894188
0.0912913	0.894855
0.0909501	0.895522
0.09061	0.896191
0.0902709	0.896861
0.089933	0.897532
0.0895962	0.898204
0.0892606	0.898876
0.088926	0.89955
0.0885926	0.900225
0.0882602	0.900901
0.0879289	0.901578
0.0875988	0.902256
0.0872697	0.902935
0.0869417	0.903614
0.0866149	0.904295
0.0862891	0.904977
0.0859644	0.90566
0.0856408	0.906344
0.0853183	0.90703
0.0849969	0.907716
0.0846765	0.908403
0.0843572	0.909091
0.084039	0.90978
0.0837219	0.91047
0.0834058	0.911162
0.0830908	0.911854
0.0827769	0.912548
0.0824641	0.913242
0.0821523	0.913938
0.0818415	0.914634
0.0815318	0.915332
0.0812232	0.916031
0.0809156	0.91673
0.0806091	0.917431
0.0803036	0.918133
0.0799992	0.918836
0.0796958	0.91954
0.0793934	0.920245
0.0790921	0.920952
0.0787918	0.921659
0.0784926	0.922367
0.0781944	0.923077
0.0778972	0.923788
0.077601	0.924499
0.0773059	0.925212
0.0770117	0.925926
0.0767187	0.926641
0.0764266	0.927357
0.0761355	0.928074
0.0758454	0.928793
0.0755564	0.929512
0.0752683	0.930233
0.0749813	0.930954
0.0746953	0.931677
0.0744102	0.932401
0.0741262	0.933126
0.0738431	0.933852
0.0735611	0.934579
0.07328	0.935308
0.0729999	0.936037
0.0727208	0.936768
0.0724427	0.9375
0.0721656	0.938233
0.0718894	0.938967
0.0716142	0.939702
0.07134	0.940439
0.0710667	0.941176
0.0707945	0.941915
0.0705231	0.942655
0.0702528	0.943396
0.0699834	0.944138
0.0697149	0.944882
0.0694475	0.945626
0.0691809	0.946372
0.0689153	0.947119
0.0686507	0.947867
0.068387	0.948617
0.0681243	0.949367
0.0678624	0.950119
0.0676016	0.950872
0.0673416	0.951626
0.0670826	0.952381
0.0668245	0.953137
0.0665674	0.953895
0.0663111	0.954654
0.0660558	0.955414
0.0658014	0.956175
0.065548	0.956938
0.0652954	0.957702
0.0650437	0.958466
0.064793	0.959233
0.0645432	0.96
0.0642942	0.960769
0.0640462	0.961538
0.0637991	0.96231
0.0635528	0.963082
0.0633075	0.963855
0.063063	0.96463
0.0628195	0.965406
0.0625768	0.966184
0.062335	0.966962
0.0620941	0.967742
0.061854	0.968523
0.0616149	0.969305
0.0613766	0.970089
0.0611392	0.970874
0.0609026	0.97166
0.060667	0.972447
0.0604321	0.973236
0.0601982	0.974026
0.0599651	0.974817
0.0597328	0.97561
0.0595015	0.976404
0.0592709	0.977199
0.0590412	0.977995
0.0588124	0.978793
0.0585844	0.979592
0.0583572	0.980392
0.0581309	0.981194
0.0579054	0.981997
0.0576808	0.982801
0.0574569	0.983607
0.0572339	0.984413
0.0570118	0.985222
0.0567904	0.986031
0.0565699	0.986842
0.0563502	0.987654
0.0561313	0.988468
0.0559132	0.989283
0.055696	0.990099
0.0554795	0.990917
0.0552639	0.991736
0.055049	0.992556
0.054835	0.993377
0.0546217	0.9942
0.0544093	0.995025
0.0541976	0.995851
0.0539868	0.996678
0.0537767	0.997506
0.0535674	0.998336
0.0533589	0.999167
0.0531511	1
0.0529265	1.0005
0.0527028	1.001
0.05248	1.0015
0.0522581	1.002
0.052037	1.00251
0.0518169	1.00301
0.0515976	1.00351
0.0513792	1.00402
0.0511617	1.00452
0.050945	1.00503
0.0507293	1.00553
0.0505144	1.00604
0.0503003	1.00654
0.0500871	1.00705
0.0498748	1.00756
0.0496633	1.00806
0.0494527	1.00857
0.0492429	1.00908
0.049034	1.00959
0.0488259	1.0101
0.0486186	1.01061
0.0484122	1.01112
0.0482066	1.01163
0.0480019	1.01215
0.047798	1.01266
0.0475949	1.01317
0.0473926	1.01368
0.0471912	1.0142
0.0469905	1.01471
0.0467907	1.01523
0.0465917	1.01574
0.0463935	1.01626
0.0461961	1.01678
0.0459995	1.01729
0.0458037	1.01781
0.0456087	1.01833
0.0454144	1.01885
0.045221	1.01937
0.0450284	1.01989
0.0448366	1.02041
0.0446455	1.02093
0.0444552	1.02145
0.0442657	1.02197
0.044077	1.02249
0.043889	1.02302
0.0437018	1.02354
0.0435154	1.02407
0.0433297	1.02459
0.0431448	1.02512
0.0429606	1.02564
0.0427772	1.02617
0.0425946	1.02669
0.0424127	1.02722
0.0422315	1.02775
0.0420511	1.02828
0.0418715	1.02881
0.0416925	1.02934
0.0415143	1.02987
0.0413369	1.0304
0.0411601	1.03093
0.0409841	1.03146
0.0408089	1.03199
0.0406343	1.03252
0.0404605	1.03306
0.0402873	1.03359
0.0401149	1.03413
0.0399432	1.03466
0.0397722	1.0352
0.039602	1.03573
0.0394324	1.03627
0.0392635	1.03681
0.0390953	1.03734
0.0389278	1.03788
0.038761	1.03842
0.0385949	1.03896
0.0384295	1.0395
0.0382648	1.04004
0.0381008	1.04058
0.0379374	1.04112
0.0377747	1.04167
0.0376127	1.04221
0.0374514	1.04275
0.0372907	1.0433
0.0371307	1.04384
0.0369713	1.04439
0.0368127	1.04493
0.0366546	1.04548
0.0364973	1.04603
0.0363406	1.04657
0.0361845	1.04712
0.0360291	1.04767
0.0358744	1.04822
0.0357203	1.04877
0.0355668	1.04932
0.035414	1.04987
0.0352618	1.05042
0.0351102	1.05097
0.0349593	1.05152
0.034809	1.05208
0.0346594	1.05263
0.0345103	1.05319
0.0343619	1.05374
0.0342141	1.0543
0.0340669	1.05485
0.0339204	1.05541
0.0337744	1.05597
0.0336291	1.05652
0.0334844	1.05708
0.0333403	1.05764
0.0331968	1.0582
0.0330538	1.05876
0.0329115	1.05932
0.0327698	1.05988
0.0326287	1.06045
0.0324882	1.06101
0.0323482	1.06157
0.0322089	1.06213
0.0320701	1.0627
0.0319319	1.06326
0.0317943	1.06383
0.0316573	1.0644
0.0315209	1.06496
0.031385	1.06553
0.0312497	1.0661
0.031115	1.06667
0.0309808	1.06724
0.0308472	1.06781
0.0307142	1.06838
0.0305817	1.06895
0.0304498	1.06952
0.0303185	1.07009
0.0301877	1.07066
0.0300574	1.07124
0.0299277	1.07181
0.0297986	1.07239
0.02967	1.07296
0.0295419	1.07354
0.0294144	1.07411
0.0292874	1.07469
0.029161	1.07527
0.0290351	1.07585
0.0289097	1.07643
0.0287849	1.07701
0.0286606	1.07759
0.0285368	1.07817
0.0284135	1.07875
0.0282908	1.07933
0.0281686	1.07991
0.0280468	1.0805
0.0279257	1.08108
0.027805	1.08167
0.0276848	1.08225
0.0275652	1.08284
0.027446	1.08342
0.0273274	1.08401
0.0272093	1.0846
0.0270917	1.08519
0.0269745	1.08578
0.0268579	1.08637
0.0267418	1.08696
0.0266261	1.08755
0.026511	1.08814
0.0263963	1.08873
0.0262822	1.08932
0.0261685	1.08992
0.0260553	1.09051
0.0259426	1.09111
0.0258303	1.0917
0.0257186	1.0923
0.0256073	1.0929
0.0254965	1.09349
0.0253861	1.09409
0.0252763	1.09469
0.0251669	1.09529
0.025058	1.09589
0.0249495	1.09649
0.0248415	1.09709
0.024734	1.09769
0.0246269	1.0983
0.0245203	1.0989
0.0244141	1.09951
0.0243084	1.10011
0.0242031	1.10072
0.0240983	1.10132
0.023994	1.10193
0.02389	1.10254
0.0237866	1.10314
0.0236835	1.10375
0.023581	1.10436
0.0234788	1.10497
0.0233771	1.10558
0.0232758	1.10619
0.023175	1.10681
0.0230746	1.10742
0.0229746	1.10803
0.0228751	1.10865
0.0227759	1.10926
0.0226772	1.10988
0.022579	1.11049
0.0224811	1.11111
0.0223795	1.11152
0.0222784	1.11193
0.0221777	1.11235
0.0220775	1.11276
0.0219777	1.11317
0.0218784	1.11359
0.0217795	1.114
0.021681	1.11441
0.021583	1.11483
0.0214854	1.11524
0.0213882	1.11566
0.0212915	1.11607
0.0211952	1.11649
0.0210994	1.1169
0.0210039	1.11732
0.0209089	1.11773
0.0208143	1.11815
0.0207202	1.11857
0.0206264	1.11899
0.0205331	1.1194
0.0204402	1.11982
0.0203477	1.12024
0.0202556	1.12066
0.0201639	1.12108
0.0200726	1.1215
0.0199818	1.12191
0.0198913	1.12233
0.0198013	1.12275
0.0197116	1.12317
0.0196224	1.1236
0.0195335	1.12402
0.0194451	1.12444
0.019357	1.12486
0.0192694	1.12528
0.0191821	1.1257
0.0190952	1.12613
0.0190087	1.12655
0.0189226	1.12697
0.0188369	1.1274
0.0187515	1.12782
0.0186666	1.12824
0.018582	1.12867
0.0184978	1.12909
0.018414	1.12952
0.0183305	1.12994
0.0182474	1.13037
0.0181647	1.1308
0.0180824	1.13122
0.0180004	1.13165
0.0179188	1.13208
0.0178376	1.1325
0.0177567	1.13293
0.0176762	1.13336
0.0175961	1.13379
0.0175163	1.13422
0.0174369	1.13464
0.0173578	1.13507
0.0172791	1.1355
0.0172007	1.13593
0.0171227	1.13636
0.0170451	1.13679
0.0169677	1.13723
0.0168908	1.13766
0.0168142	1.13809
0.0167379	1.13852
0.0166619	1.13895
0.0165863	1.13938
0.0165111	1.13982
0.0164362	1.14025
0.0163616	1.14068
0.0162873	1.14112
0.0162134	1.14155
0.0161398	1.14199
0.0160666	1.14242
0.0159937	1.14286
0.0159211	1.14329
0.0158488	1.14373
0.0157769	1.14416
0.0157053	1.1446
0.015634	1.14504
0.015563	1.14548
0.0154923	1.14591
0.015422	1.14635
0.015352	1.14679
0.0152823	1.14723
0.0152129	1.14767
0.0151438	1.14811
0.015075	1.14855
0.0150066	1.14899
0.0149384	1.14943
0.0148706	1.14987
0.014803	1.15031
0.0147358	1.15075
0.0146689	1.15119
0.0146022	1.15163
0.0145359	1.15207
0.0144699	1.15252
0.0144041	1.15296
0.0143387	1.1534
0.0142736	1.15385
0.0142087	1.15429
0.0141442	1.15473
0.0140799	1.15518
0.0140159	1.15562
0.0139522	1.15607
0.0138888	1.15652
0.0138257	1.15696
0.0137629	1.15741
0.0137003	1.15785
0.0136381	1.1583
0.0135761	1.15875
0.0135144	1.1592
0.013453	1.15964
0.0133918	1.16009
0.013331	1.16054
0.0132704	1.16099
0.01321	1.16144
0.01315	1.16189
0.0130902	1.16234
0.0130307	1.16279
0.0129715	1.16324
0.0129125	1.16369
0.0128538	1.16414
0.0127954	1.1646
0.0127372	1.16505
0.0126793	1.1655
0.0126216	1.16595
0.0125642	1.16641
0.0125071	1.16686
0.0124502	1.16732
0.0123936	1.16777
0.0123373	1.16822
0.0122811	1.16868
0.0122253	1.16913
0.0121697	1.16959
0.0121144	1.17005
0.0120593	1.1705
0.0120044	1.17096
0.0119498	1.17142
0.0118955	1.17187
0.0118414	1.17233
0.0117875	1.17279
0.0117339	1.17325
0.0116805	1.17371
0.0116274	1.17417
0.0115745	1.17463
0.0115218	1.17509
0.0114694	1.17555
0.0114173	1.17601
0.0113653	1.17647
0.0113136	1.17693
0.0112622	1.17739
0.0112109	1.17786
0.0111599	1.17832
0.0111091	1.17878
0.0110586	1.17925
0.0110083	1.17971
0.0109582	1.18017
0.0109083	1.18064
0.0108587	1.1811
0.0108093	1.18157
0.0107601	1.18203
0.0107112	1.1825
0.0106624	1.18297
0.0106139	1.18343
0.0105656	1.1839
0.0105175	1.18437
0.0104697	1.18483
0.010422	1.1853
0.0103746	1.18577
0.0103274	1.18624
0.0102804	1.18671
0.0102336	1.18718
0.010187	1.18765
0.0101407	1.18812
0.0100945	1.18859
0.0100486	1.18906
0.0100029	1.18953
0.00995733	1.19
0.00991201	1.19048
0.00986691	1.19095
0.009822	1.19142
0.00977729	1.1919
0.00973279	1.19237
0.0096885	1.19284
0.0096444	1.19332
0.00960051	1.19379
0.00955681	1.19427
0.00951331	1.19474
0.00947001	1.19522
0.00942691	1.1957
0.009384	1.19617
0.00934129	1.19665
0.00929877	1.19713
0.00925644	1.1976
0.00921431	1.19808
0.00917237	1.19856
0.00913062	1.19904
0.00908905	1.19952
0.00904768	1.2
0.0090101	1.20096
0.00897268	1.20192
0.00893542	1.20289
0.00889832	1.20385
0.00886138	1.20482
0.0088246	1.20579
0.00878797	1.20676
0.0087515	1.20773
0.00871518	1.2087
0.00867902	1.20968
0.00864301	1.21065
0.00860716	1.21163
0.00857145	1.21261
0.00853591	1.21359
0.00850051	1.21457
0.00846526	1.21556
0.00843016	1.21654
0.00839522	1.21753
0.00836042	1.21852
0.00832577	1.21951
0.00829127	1.2205
0.00825692	1.2215
0.00822271	1.22249
0.00818864	1.22349
0.00815472	1.22449
0.00812095	1.22549
0.00808732	1.22649
0.00805384	1.2275
0.00802049	1.2285
0.00798729	1.22951
0.00795424	1.23052
0.00792132	1.23153
0.00788854	1.23254
0.0078559	1.23355
0.0078234	1.23457
0.00779104	1.23558
0.00775882	1.2366
0.00772673	1.23762
0.00769478	1.23865
0.00766297	1.23967
0.00763129	1.24069
0.00759975	1.24172
0.00756834	1.24275
0.00753707	1.24378
0.00750593	1.24481
0.00747492	1.24585
0.00744404	1.24688
0.0074133	1.24792
0.00738268	1.24896
0.0073522	1.25
0.00732185	1.25104
0.00729162	1.25209
0.00726153	1.25313
0.00723156	1.25418
0.00720172	1.25523
0.00717201	1.25628
0.00714243	1.25733
0.00711297	1.25839
0.00708363	1.25945
0.00705442	1.2605
0.00702534	1.26156
0.00699638	1.26263
0.00696754	1.26369
0.00693883	1.26476
0.00691023	1.26582
0.00688176	1.26689
0.00685341	1.26796
0.00682519	1.26904
0.00679708	1.27011
0.00676909	1.27119
0.00674122	1.27226
0.00671347	1.27334
0.00668584	1.27443
0.00665832	1.27551
0.00663092	1.2766
0.00660364	1.27768
0.00657648	1.27877
0.00654943	1.27986
0.0065225	1.28096
0.00649568	1.28205
0.00646897	1.28315
0.00644238	1.28425
0.0064159	1.28535
0.00638954	1.28645
0.00636329	1.28755
0.00633714	1.28866
0.00631111	1.28977
0.00628519	1.29088
0.00625939	1.29199
0.00623369	1.2931
0.0062081	1.29422
0.00618262	1.29534
0.00615725	1.29646
0.00613198	1.29758
0.00610682	1.2987
0.00608177	1.29983
0.00605683	1.30095
0.00603199	1.30208
0.00600726	1.30321
0.00598264	1.30435
0.00595811	1.30548
0.0059337	1.30662
0.00590938	1.30776
0.00588517	1.3089
0.00586107	1.31004
0.00583706	1.31119
0.00581316	1.31234
0.00578936	1.31349
0.00576566	1.31464
0.00574206	1.31579
0.00571857	1.31694
0.00569517	1.3181
0.00567187	1.31926
0.00564867	1.32042
0.00562557	1.32159
0.00560257	1.32275
0.00557966	1.32392
0.00555685	1.32509
0.00553414	1.32626
0.00551153	1.32743
0.00548901	1.32861
0.00546659	1.32979
0.00544426	1.33097
0.00542203	1.33215
0.00539989	1.33333
0.00537785	1.33452
0.0053559	1.33571
0.00533404	1.3369
0.00531228	1.33809
0.00529061	1.33929
0.00526903	1.34048
0.00524754	1.34168
0.00522615	1.34288
0.00520484	1.34409
0.00518363	1.34529
0.0051625	1.3465
0.00514147	1.34771
0.00512052	1.34892
0.00509967	1.35013
0.0050789	1.35135
0.00505822	1.35257
0.00503763	1.35379
0.00501713	1.35501
0.00499671	1.35624
0.00497638	1.35747
0.00495613	1.3587
0.00493598	1.35993
0.0049159	1.36116
0.00489592	1.3624
0.00487601	1.36364
0.00485619	1.36488
0.00483646	1.36612
0.00481681	1.36737
0.00479724	1.36861
0.00477776	1.36986
0.00475836	1.37112
0.00473904	1.37237
0.00471981	1.37363
0.00470065	1.37489
0.00468158	1.37615
0.00466258	1.37741
0.00464367	1.37868
0.00462484	1.37994
0.00460609	1.38122
0.00458742	1.38249
0.00456882	1.38376
0.00455031	1.38504
0.00453187	1.38632
0.00451351	1.3876
0.00449523	1.38889
0.00447703	1.39018
0.00445891	1.39147
0.00444086	1.39276
0.00442288	1.39405
0.00440499	1.39535
0.00438717	1.39665
0.00436943	1.39795
0.00435176	1.39925
0.00433416	1.40056
0.00431664	1.40187
0.0042992	1.40318
0.00428183	1.40449
0.00426453	1.40581
0.0042473	1.40713
0.00423015	1.40845
0.00421307	1.40977
0.00419607	1.4111
0.00417913	1.41243
0.00416227	1.41376
0.00414548	1.41509
0.00412876	1.41643
0.00411211	1.41777
0.00409553	1.41911
0.00407902	1.42045
0.00406258	1.4218
0.00404621	1.42315
0.00402991	1.4245
0.00401368	1.42586
0.00399752	1.42721
0.00398142	1.42857
0.00396162	1.42857
0.00394192	1.42857
0.00392231	1.42857
0.0039028	1.42857
0.00388339	1.42857
0.00386407	1.42857
0.00384485	1.42857
0.00382573	1.42857
0.0038067	1.42857
0.00378776	1.42857
0.00376892	1.42857
0.00375017	1.42857
0.00373152	1.42857
0.00371295	1.42857
0.00369448	1.42857
0.0036761	1.42857
0.00365782	1.42857
0.00363962	1.42857
0.00362151	1.42857
0.0036035	1.42857
0.00358557	1.42857
0.00356773	1.42857
0.00354998	1.42857
0.00353232	1.42857
0.00351474	1.42857
0.00349726	1.42857
0.00347986	1.42857
0.00346254	1.42857
0.00344532	1.42857
0.00342817	1.42857
0.00341112	1.42857
0.00339414	1.42857
0.00337726	1.42857
0.00336045	1.42857
0.00334373	1.42857
0.00332709	1.42857
0.00331054	1.42857
0.00329406	1.42857
0.00327767	1.42857
0.00326136	1.42857
0.00324513	1.42857
0.00322898	1.42857
0.00321292	1.42857
0.00319693	1.42857
0.00318102	1.42857
0.00316519	1.42857
0.00314944	1.42857
0.00313376	1.42857
0.00311817	1.42857
0.00310265	1.42857
0.00308721	1.42857
0.00307184	1.42857
0.00305655	1.42857
0.00304134	1.42857
0.00302621	1.42857
0.00301114	1.42857
0.00299616	1.42857
0.00298125	1.42857
0.00296641	1.42857
0.00295164	1.42857
0.00293695	1.42857
0.00292233	1.42857
0.00290779	1.42857
0.00289332	1.42857
0.00287891	1.42857
0.00286458	1.42857
0.00285032	1.42857
0.00283614	1.42857
0.00282202	1.42857
0.00280797	1.42857
0.00279399	1.42857
0.00278009	1.42857
0.00276625	1.42857
0.00275248	1.42857
0.00273878	1.42857
0.00272514	1.42857
0.00271158	1.42857
0.00269808	1.42857
0.00268465	1.42857
0.00267128	1.42857
0.00265798	1.42857
0.00264475	1.42857
0.00263159	1.42857
0.00261848	1.42857
0.00260545	1.42857
0.00259248	1.42857
0.00257957	1.42857
0.00256673	1.42857
0.00255395	1.42857
0.00254123	1.42857
0.00252858	1.42857
0.00251599	1.42857
0.00250347	1.42857
0.002491	1.42857
0.0024786	1.42857
0.00246626	1.42857
0.00245398	1.42857
0.00244176	1.42857
0.0024296	1.42857
0.00241751	1.42857
0.00240547	1.42857
0.00239349	1.42857
0.00238157	1.42857
0.00236972	1.42857
0.00235792	1.42857
0.00234618	1.42857
0.00233449	1.42857
0.00232287	1.42857
0.0023113	1.42857
0.00229979	1.42857
0.00228834	1.42857
0.00227695	1.42857
0.00226561	1.42857
0.00225433	1.42857
0.0022431	1.42857
0.00223193	1.42857
0.00222082	1.42857
0.00220976	1.42857
0.00219875	1.42857
0.0021878	1.42857
0.00217691	1.42857
0.00216607	1.42857
0.00215528	1.42857
0.00214455	1.42857
0.00213387	1.42857
0.00212324	1.42857
0.00211267	1.42857
0.00210214	1.42857
0.00209167	1.42857
0.00208126	1.42857
0.00207089	1.42857
0.00206058	1.42857
0.00205032	1.42857
0.0020401	1.42857
0.00202994	1.42857
0.00201983	1.42857
0.00200977	1.42857
0.00199976	1.42857
0.0019898	1.42857
0.00197989	1.42857
0.00197003	1.42857
0.00196022	1.42857
0.00195046	1.42857
0.00194074	1.42857
0.00193108	1.42857
0.00192146	1.42857
0.00191189	1.42857
0.00190236	1.42857
0.00189289	1.42857
0.00188346	1.42857
0.00187408	1.42857
0.00186474	1.42857
0.00185546	1.42857
0.00184621	1.42857
0.00183702	1.42857
0.00182787	1.42857
0.00181876	1.42857
0.0018097	1.42857
0.00180069	1.42857
0.00179172	1.42857
0.00178279	1.42857
0.00177391	1.42857
0.00176508	1.42857
0.00175628	1.42857
0.00174754	1.42857
0.00173883	1.42857
0.00173017	1.42857
0.00172155	1.42857
0.00171297	1.42857
0.00170444	1.42857
0.00169595	1.42857
0.0016875	1.42857
0.00167909	1.42857
0.00167073	1.42857
0.00166241	1.42857
0.00165412	1.42857
0.00164588	1.42857
0.00163768	1.42857
0.00162953	1.42857
0.00162141	1.42857
0.00161333	1.42857
0.00160529	1.42857
0.00159729	1.42857
0.00158934	1.42857
0.00158142	1.42857
0.00157354	1.42857
0.0015657	1.42857
0.0015579	1.42857
0.00155014	1.42857
0.00154242	1.42857
0.00153473	1.42857
0.00152708	1.42857
0.00151948	1.42857
0.00151191	1.42857
0.00150437	1.42857
0.00149688	1.42857
0.00148942	1.42857
0.001482	1.42857
0.00147462	1.42857
0.00146727	1.42857
0.00145996	1.42857
0.00145268	1.42857
0.00144545	1.42857
0.00143824	1.42857
0.00143108	1.42857
0.00142395	1.42857
0.00141685	1.42857
0.00140979	1.42857
0.00140277	1.42857
0.00139578	1.42857
0.00138882	1.42857
0.0013819	1.42857
0.00137502	1.42857
0.00136817	1.42857
0.00136135	1.42857
0.00135457	1.42857
0.00134782	1.42857
0.0013411	1.42857
0.00133442	1.42857
0.00132777	1.42857
0.00132115	1.42857
0.00131457	1.42857
0.00130802	1.42857
0.0013015	1.42857
0.00129502	1.42857
0.00128856	1.42857
0.00128214	1.42857
0.00127575	1.42857
0.0012694	1.42857
0.00126307	1.42857
0.00125678	1.42857
0.00125051	1.42857
0.00124428	1.42857
0.00123808	1.42857
0.00123191	1.42857
0.00122577	1.42857
0.00121966	1.42857
0.00121359	1.42857
0.00120754	1.42857
0.00120152	1.42857
0.00119553	1.42857
0.00118958	1.42857
0.00118365	1.42857
0.00117775	1.42857
0.00117188	1.42857
0.00116604	1.42857
0.00116023	1.42857
0.00115445	1.42857
0.00114869	1.42857
0.00114297	1.42857
0.00113727	1.42857
0.00113161	1.42857
0.00112597	1.42857
0.00112035	1.42857
0.00111477	1.42857
0.00110922	1.42857
0.00110369	1.42857
0.00109819	1.42857
0.00109271	1.42857
0.00108727	1.42857
0.00108185	1.42857
0.00107646	1.42857
0.00107109	1.42857
0.00106576	1.42857
0.00106044	1.42857
0.00105516	1.42857
0.0010499	1.42857
0.00104467	1.42857
0.00103946	1.42857
0.00103428	1.42857
0.00102913	1.42857
0.001024	1.42857
0.00101889	1.42857
0.00101381	1.42857
0.00100876	1.42857
0.00100373	1.42857
0.000998732	1.42857
0.000993754	1.42857
0.000988801	1.42857
0.000983873	1.42857
0.000978969	1.42857
0.00097409	1.42857
0.000969235	1.42857
0.000964404	1.42857
0.000959597	1.42857
0.000954814	1.42857
0.000950055	1.42857
0.00094532	1.42857
0.000940609	1.42857
0.00093592	1.42857
0.000931255	1.42857
0.000926613	1.42857
0.000921995	1.42857
0.0009174	1.42857
0.000912827	1.42857
0.000908277	1.42857
0.00090375	1.42857
0.000899245	1.42857
0.000894763	1.42857
0.000890303	1.42857
0.000885865	1.42857
0.00088145	1.42857
0.000877057	1.42857
0.000872685	1.42857
0.000868335	1.42857
0.000864007	1.42857
0.0008597	1.42857
0.000855415	1.42857
0.000851151	1.42857
0.000846908	1.42857
0.000842687	1.42857
0.000838486	1.42857
0.000834307	1.42857
0.000830148	1.42857
0.00082601	1.42857
0.000821893	1.42857
0.000817796	1.42857
0.00081372	1.42857
0.000809663	1.42857
0.000805627	1.42857
0.000801612	1.42857
0.000797616	1.42857
0.00079364	1.42857
0.000789684	1.42857
0.000785747	1.42857
0.00078183	1.42857
0.000777933	1.42857
0.000774055	1.42857
0.000770197	1.42857
0.000766358	1.42857
0.000762538	1.42857
0.000758736	1.42857
0.000754954	1.42857
0.000751191	1.42857
0.000747446	1.42857
0.00074372	1.42857
0.000740013	1.42857
0.000736324	1.42857
0.000732653	1.42857
0.000729001	1.42857
0.000725367	1.42857
0.000721751	1.42857
0.000718153	1.42857
0.000714573	1.42857
0.000711011	1.42857
0.000707466	1.42857
0.00070394	1.42857
0.00070043	1.42857
0.000696939	1.42857
0.000693464	1.42857
0.000690007	1.42857
0.000686568	1.42857
0.000683145	1.42857
0.000679739	1.42857
0.000676351	1.42857
0.000672979	1.42857
0.000669624	1.42857
0.000666286	1.42857
0.000662964	1.42857
0.00065966	1.42857
0.000656371	1.42857
0.000653099	1.42857
0.000649843	1.42857
0.000646603	1.42857
0.00064338	1.42857
0.000640172	1.42857
0.000636981	1.42857
0.000633805	1.42857
0.000630646	1.42857
0.000627502	1.42857
0.000624373	1.42857
0.000621261	1.42857
0.000618163	1.42857
0.000615082	1.42857
0.000612015	1.42857
0.000608964	1.42857
0.000605928	1.42857
0.000602907	1.42857
0.000599901	1.42857
0.000596911	1.42857
0.000593935	1.42857
0.000590974	1.42857
0.000588027	1.42857
0.000585096	1.42857
0.000582179	1.42857
0.000579277	1.42857
0.000576388	1.42857
0.000573515	1.42857
0.000570656	1.42857
0.000567811	1.42857
0.00056498	1.42857
0.000562163	1.42857
0.00055936	1.42857
0.000556572	1.42857
0.000553797	1.42857
0.000551036	1.42857
0.000548289	1.42857
0.000545555	1.42857
0.000542835	1.42857
0.000540129	1.42857
0.000537436	1.42857
0.000534756	1.42857
0.00053209	1.42857
0.000529437	1.42857
0.000526798	1.42857
0.000524171	1.42857
0.000521558	1.42857
0.000518958	1.42857
0.00051637	1.42857
0.000513796	1.42857
0.000511234	1.42857
0.000508685	1.42857
0.000506149	1.42857
0.000503626	1.42857
0.000501115	1.42857
0.000498616	1.42857
0.00049613	1.42857
0.000493657	1.42857
0.000491195	1.42857
0.000488746	1.42857
0.000486309	1.42857
0.000483885	1.42857
0.000481472	1.42857
0.000479072	1.42857
0.000476683	1.42857
0.000474306	1.42857
0.000471941	1.42857
0.000469588	1.42857
0.000467247	1.42857
0.000464918	1.42857
0.0004626	1.42857
0.000460293	1.42857
0.000457998	1.42857
0.000455714	1.42857
0.000453442	1.42857
0.000451181	1.42857
0.000448932	1.42857
0.000446694	1.42857
0.000444466	1.42857
0.00044225	1.42857
0.000440045	1.42857
0.000437851	1.42857
0.000435668	1.42857
0.000433496	1.42857
0.000431335	1.42857
0.000429184	1.42857
0.000427044	1.42857
0.000424915	1.42857
0.000422796	1.42857
0.000420688	1.42857
0.00041859	1.42857
0.000416503	1.42857
0.000414426	1.42857
0.00041236	1.42857
0.000410304	1.42857
0.000408258	1.42857
0.000406223	1.42857
0.000404197	1.42857
0.000402182	1.42857
0.000400176	1.42857
0.000398181	1.42857
0.000396196	1.42857
0.00039422	1.42857
0.000392255	1.42857
0.000390299	1.42857
0.000388353	1.42857
0.000386416	1.42857
0.000384489	1.42857
0.000382572	1.42857
0.000380665	1.42857
0.000378767	1.42857
0.000376878	1.42857
0.000374999	1.42857
0.000373129	1.42857
0.000371269	1.42857
0.000369417	1.42857
0.000367575	1.42857
0.000365742	1.42857
0.000363919	1.42857
0.000362104	1.42857
0.000360299	1.42857
0.000358502	1.42857
0.000356715	1.42857
0.000354936	1.42857
0.000353166	1.42857
0.000351405	1.42857
0.000349653	1.42857
0.000347909	1.42857
0.000346175	1.42857
0.000344448	1.42857
0.000342731	1.42857
0.000341022	1.42857
0.000339321	1.42857
0.000337629	1.42857
0.000335946	1.42857
0.000334271	1.42857
0.000332604	1.42857
0.000330946	1.42857
0.000329295	1.42857
0.000327653	1.42857
0.000326019	1.42857
0.000324394	1.42857
0.000322776	1.42857
0.000321167	1.42857
0.000319565	1.42857
0.000317972	1.42857
0.000316386	1.42857
0.000314809	1.42857
0.000313239	1.42857
0.000311677	1.42857
0.000310123	1.42857
0.000308577	1.42857
0.000307038	1.42857
0.000305507	1.42857
0.000303983	1.42857
0.000302467	1.42857
0.000300959	1.42857
0.000299458	1.42857
0.000297965	1.42857
0.00029648	1.42857
0.000295001	1.42857
0.00029353	1.42857
0.000292066	1.42857
0.00029061	1.42857
0.000289161	1.42857
0.000287719	1.42857
0.000286284	1.42857
0.000284857	1.42857
0.000283436	1.42857
0.000282023	1.42857
0.000280617	1.42857
0.000279217	1.42857
0.000277825	1.42857
0.000276439	1.42857
0.000275061	1.42857
0.000273689	1.42857
0.000272325	1.42857
0.000270967	1.42857
0.000269616	1.42857
0.000268271	1.42857
0.000266933	1.42857
0.000265602	1.42857
0.000264278	1.42857
0.00026296	1.42857
0.000261649	1.42857
0.000260344	1.42857
0.000259046	1.42857
0.000257754	1.42857
0.000256469	1.42857
0.00025519	1.42857
0.000253917	1.42857
0.000252651	1.42857
0.000251391	1.42857
0.000250137	1.42857
0.00024889	1.42857
0.000247649	1.42857
0.000246414	1.42857
0.000245185	1.42857
0.000243963	1.42857
0.000242746	1.42857
0.000241535	1.42857
0.000240331	1.42857
0.000239133	1.42857
0.00023794	1.42857
0.000236754	1.42857
0.000235573	1.42857
0.000234398	1.42857
0.000233229	1.42857
0.000232066	1.42857
0.000230909	1.42857
0.000229758	1.42857
0.000228612	1.42857
0.000227472	1.42857
0.000226337	1.42857
0.000225209	1.42857
0.000224086	1.42857
0.000222968	1.42857
0.000221856	1.42857
0.00022075	1.42857
0.000219649	1.42857
0.000218554	1.42857
0.000217464	1.42857
0.00021638	1.42857
0.0002153	1.42857
0.000214227	1.42857
0.000213158	1.42857
0.000212096	1.42857
0.000211038	1.42857
0.000209986	1.42857
0.000208938	1.42857
0.000207896	1.42857
0.00020686	1.42857
0.000205828	1.42857
0.000204802	1.42857
0.00020378	1.42857
0.000202764	1.42857
0.000201753	1.42857
0.000200747	1.42857
0.000199746	1.42857
0.00019875	1.42857
0.000197759	1.42857
0.000196772	1.42857
0.000195791	1.42857
0.000194815	1.42857
0.000193843	1.42857
0.000192877	1.42857
0.000191915	1.42857
0.000190958	1.42857
0.000190005	1.42857
0.000189058	1.42857
0.000188115	1.42857
0.000187177	1.42857
0.000186244	1.42857
0.000185315	1.42857
0.000184391	1.42857
0.000183471	1.42857
0.000182556	1.42857
0.000181646	1.42857
0.00018074	1.42857
0.000179839	1.42857
0.000178942	1.42857
0.000178049	1.42857
0.000177161	1.42857
0.000176278	1.42857
0.000175399	1.42857
0.000174524	1.42857
0.000173654	1.42857
0.000172788	1.42857
0.000171926	1.42857
0.000171069	1.42857
0.000170216	1.42857
0.000169367	1.42857
0.000168522	1.42857
0.000167682	1.42857
0.000166846	1.42857
0.000166013	1.42857
0.000165186	1.42857
0.000164362	1.42857
0.000163542	1.42857
0.000162727	1.42857
0.000161915	1.42857
0.000161108	1.42857
0.000160304	1.42857
0.000159505	1.42857
0.000158709	1.42857
0.000157918	1.42857
0.00015713	1.42857
0.000156347	1.42857
0.000155567	1.42857
0.000154791	1.42857
0.000154019	1.42857
0.000153251	1.42857
0.000152487	1.42857
0.000151727	1.42857
0.00015097	1.42857
0.000150217	1.42857
0.000149468	1.42857
0.000148722	1.42857
0.000147981	1.42857
0.000147243	1.42857
0.000146508	1.42857
0.000145778	1.42857
0.000145051	1.42857
0.000144327	1.42857
0.000143608	1.42857
0.000142891	1.42857
0.000142179	1.42857
0.00014147	1.42857
0.000140764	1.42857
0.000140062	1.42857
0.000139364	1.42857
0.000138669	1.42857
0.000137977	1.42857
0.000137289	1.42857
0.000136604	1.42857
0.000135923	1.42857
0.000135245	1.42857
0.000134571	1.42857
0.0001339	1.42857
0.000133232	1.42857
0.000132568	1.42857
0.000131906	1.42857
0.000131249	1.42857
0.000130594	1.42857
0.000129943	1.42857
0.000129295	1.42857
0.00012865	1.42857
0.000128008	1.42857
0.00012737	1.42857
0.000126735	1.42857
0.000126103	1.42857
0.000125474	1.42857
0.000124848	1.42857
0.000124225	1.42857
0.000123606	1.42857
0.00012299	1.42857
0.000122376	1.42857
0.000121766	1.42857
0.000121159	1.42857
0.000120554	1.42857
0.000119953	1.42857
0.000119355	1.42857
0.00011876	1.42857
0.000118168	1.42857
0.000117578	1.42857
0.000116992	1.42857
0.000116408	1.42857
0.000115828	1.42857
0.00011525	1.42857
0.000114675	1.42857
0.000114103	1.42857
0.000113534	1.42857
0.000112968	1.42857
0.000112405	1.42857
0.000111844	1.42857
0.000111286	1.42857
0.000110731	1.42857
0.000110179	1.42857
0.00010963	1.42857
0.000109083	1.42857
0.000108539	1.42857
0.000107998	1.42857
0.000107459	1.42857
0.000106923	1.42857
0.00010639	1.42857
0.000105859	1.42857
0.000105331	1.42857
0.000104806	1.42857
0.000104283	1.42857
0.000103763	1.42857
0.000103246	1.42857
0.000102731	1.42857
0.000102219	1.42857
0.000101709	1.42857
0.000101202	1.42857
0.000100697	1.42857
0.000100195	1.42857
9.9695e-05	1.42857
9.91978e-05	1.42857
9.87031e-05	1.42857
9.82109e-05	1.42857
9.77211e-05	1.42857
9.72337e-05	1.42857
9.67488e-05	1.42857
9.62663e-05	1.42857
9.57862e-05	1.42857
9.53085e-05	1.42857
9.48332e-05	1.42857
9.43602e-05	1.42857
9.38896e-05	1.42857
9.34214e-05	1.42857
9.29554e-05	1.42857
9.24918e-05	1.42857
9.20306e-05	1.42857
9.15717e-05	1.42857
9.11149e-05	1.42857
9.06605e-05	1.42857
9.02084e-05	1.42857
8.97585e-05	1.42857
8.93108e-05	1.42857
8.88654e-05	1.42857
8.84223e-05	1.42857
8.79813e-05	1.42857
8.75425e-05	1.42857
8.71059e-05	1.42857
8.66715e-05	1.42857
8.62392e-05	1.42857
8.58091e-05	1.42857
8.53812e-05	1.42857
8.49554e-05	1.42857
8.45317e-05	1.42857
8.41101e-05	1.42857
8.36906e-05	1.42857
8.32732e-05	1.42857
8.28579e-05	1.42857
8.24447e-05	1.42857
8.20335e-05	1.42857
8.16244e-05	1.42857
8.12174e-05	1.42857
8.08123e-05	1.42857
8.04093e-05	1.42857
8.00082e-05	1.42857
7.96092e-05	1.42857
7.92122e-05	1.42857
7.88171e-05	1.42857
7.8424e-05	1.42857
7.8033e-05	1.42857
7.76438e-05	1.42857
7.72565e-05	1.42857
7.68712e-05	1.42857
7.64879e-05	1.42857
7.61064e-05	1.42857
7.57268e-05	1.42857
7.53491e-05	1.42857
7.49734e-05	1.42857
7.45995e-05	1.42857
7.42274e-05	1.42857
7.38572e-05	1.42857
7.34889e-05	1.42857
7.31224e-05	1.42857
